SplineFontDB: 3.2
FontName: Mixed-Regular
FullName: Mixed Regular
FamilyName: Mixed
Weight: Book
Version: 001.003
ItalicAngle: 0
UnderlinePosition: -100
UnderlineWidth: 50
Ascent: 800
Descent: 200
InvalidEm: 0
sfntRevision: 0x00010000
LayerCount: 2
Layer: 0 1 "Back" 1
Layer: 1 1 "Fore" 0
XUID: [1021 475 1434984801 4088]
StyleMap: 0x0040
FSType: 0
OS2Version: 4
OS2_WeightWidthSlopeOnly: 0
OS2_UseTypoMetrics: 0
CreationTime: 1757933785
ModificationTime: 1757935125
PfmFamily: 17
TTFWeight: 400
TTFWidth: 5
LineGap: 90
VLineGap: 0
Panose: 2 0 5 3 0 0 0 0 0 0
OS2TypoAscent: 800
OS2TypoAOffset: 0
OS2TypoDescent: -200
OS2TypoDOffset: 0
OS2TypoLinegap: 90
OS2WinAscent: 722
OS2WinAOffset: 0
OS2WinDescent: 76
OS2WinDOffset: 0
HheadAscent: 722
HheadAOffset: 0
HheadDescent: -76
HheadDOffset: 0
OS2SubXSize: 650
OS2SubYSize: 700
OS2SubXOff: 0
OS2SubYOff: 140
OS2SupXSize: 650
OS2SupYSize: 700
OS2SupXOff: 0
OS2SupYOff: 480
OS2StrikeYSize: 49
OS2StrikeYPos: 258
OS2CapHeight: 704
OS2XHeight: 526
OS2Vendor: 'CLGR'
OS2CodePages: 00000001.00000000
OS2UnicodeRanges: 00000003.00000000.00000000.00000000
DEI: 91125
TtTable: prep
PUSHW_1
 511
SCANCTRL
PUSHB_1
 4
SCANTYPE
EndTTInstrs
ShortTable: cvt  2
  33
  633
EndShort
ShortTable: maxp 16
  1
  0
  72
  128
  3
  0
  0
  2
  0
  1
  1
  0
  64
  0
  0
  0
EndShort
LangName: 1033 "" "" "" "Calligraphr : Mixed Regular : 15-09-2025" "" "Version 001.003" "" "" "" "" "Created with Calligraphr.com" "" "" "" "" "" "Mixed" "Regular"
GaspTable: 1 65535 15 1
Encoding: UnicodeBmp
UnicodeInterp: none
NameList: AGL For New Fonts
DisplaySize: -48
AntiAlias: 1
FitToEm: 0
WinInfo: 36 18 7
BeginChars: 65538 72

StartChar: .notdef
Encoding: 65536 -1 0
Width: 364
GlyphClass: 1
Flags: W
LayerCount: 2
Fore
SplineSet
33 0 m 1,0,-1
 33 666 l 1,1,-1
 298 666 l 1,2,-1
 298 0 l 1,3,-1
 33 0 l 1,0,-1
66 33 m 1,4,-1
 265 33 l 1,5,-1
 265 633 l 1,6,-1
 66 633 l 1,7,-1
 66 33 l 1,4,-1
EndSplineSet
EndChar

StartChar: .null
Encoding: 0 0 1
Width: 180
GlyphClass: 1
Flags: W
LayerCount: 2
EndChar

StartChar: nonmarkingreturn
Encoding: 65537 -1 2
Width: 333
GlyphClass: 1
Flags: W
LayerCount: 2
EndChar

StartChar: CR
Encoding: 13 13 3
Width: 180
GlyphClass: 1
Flags: W
LayerCount: 2
EndChar

StartChar: space
Encoding: 32 32 4
Width: 180
GlyphClass: 1
Flags: W
LayerCount: 2
EndChar

StartChar: exclam
Encoding: 33 33 5
Width: 214
GlyphClass: 1
Flags: W
LayerCount: 2
Fore
SplineSet
69 478 m 1,0,-1
 68 686 l 1,1,-1
 155 686 l 1,2,-1
 154 478 l 1,3,-1
 151 269 l 1,4,-1
 72 269 l 1,5,-1
 69 478 l 1,0,-1
50 98 m 1,6,-1
 50 204 l 1,7,-1
 164 204 l 1,8,-1
 164 98 l 1,9,-1
 50 98 l 1,6,-1
EndSplineSet
EndChar

StartChar: comma
Encoding: 44 44 6
Width: 207
GlyphClass: 1
Flags: W
LayerCount: 2
Fore
SplineSet
54.5 182 m 0,0,1
 58.5 196 58.5 196 67 200 c 128,-1,2
 75.5 204 75.5 204 107.5 204 c 2,3,-1
 155.5 204 l 1,4,-1
 155.5 137 l 2,5,6
 155.5 90 155.5 90 152 76.5 c 128,-1,7
 148.5 63 148.5 63 130.5 45 c 0,8,9
 104.5 19 104.5 19 80.5 19 c 0,10,11
 59.5 19 59.5 19 59.5 41 c 128,-1,12
 59.5 63 59.5 63 72.5 63 c 128,-1,13
 85.5 63 85.5 63 85.5 67 c 0,14,15
 85.5 69 85.5 69 91.5 83 c 0,16,17
 96.5 95 96.5 95 75.5 100 c 0,18,19
 63.5 102 63.5 102 58.5 108 c 128,-1,20
 53.5 114 53.5 114 52.5 132 c 0,21,22
 51.5 138 51.5 138 51.5 151 c 0,23,24
 51.5 172 51.5 172 54.5 182 c 0,0,1
EndSplineSet
EndChar

StartChar: period
Encoding: 46 46 7
Width: 212
GlyphClass: 1
Flags: W
LayerCount: 2
Fore
SplineSet
54.5 192 m 0,0,1
 59.5 203 59.5 203 89.5 203 c 0,2,3
 92.5 203 92.5 203 99 202.5 c 128,-1,4
 105.5 202 105.5 202 109.5 202 c 2,5,-1
 160.5 199 l 1,6,-1
 160.5 103 l 1,7,-1
 55.5 103 l 1,8,-1
 52.5 141 l 2,9,10
 51.5 148 51.5 148 51.5 163 c 0,11,12
 51.5 185 51.5 185 54.5 192 c 0,0,1
EndSplineSet
EndChar

StartChar: zero
Encoding: 48 48 8
Width: 476
GlyphClass: 1
Flags: W
LayerCount: 2
Fore
SplineSet
305 531 m 1,0,-1
 305 537 l 2,1,2
 305 546 305 546 295 548.5 c 128,-1,3
 285 551 285 551 240 553 c 0,4,5
 236 553 236 553 227.5 553.5 c 128,-1,6
 219 554 219 554 216 554 c 0,7,8
 170 554 170 554 170 548 c 2,9,-1
 170 522 l 2,10,11
 170 511 170 511 146 511 c 2,12,-1
 119 511 l 1,13,-1
 119 352 l 2,14,15
 119 245 119 245 120.5 220.5 c 128,-1,16
 122 196 122 196 131 196 c 0,17,18
 132 196 132 196 133.5 196.5 c 128,-1,19
 135 197 135 197 136 197 c 128,-1,20
 137 197 137 197 139 197.5 c 128,-1,21
 141 198 141 198 142 198 c 0,22,23
 153 198 153 198 161.5 190.5 c 128,-1,24
 170 183 170 183 170 173 c 0,25,26
 170 172 170 172 169.5 170 c 128,-1,27
 169 168 169 168 169 167 c 0,28,29
 169 156 169 156 240 153 c 0,30,31
 258 152 258 152 282 152 c 0,32,33
 309 152 309 152 309 160 c 0,34,35
 309 162 309 162 307 168 c 0,36,37
 306 171 306 171 306 175 c 0,38,39
 306 197 306 197 336 199 c 0,40,41
 346 199 346 199 349 355 c 2,42,-1
 351 511 l 1,43,-1
 327 511 l 2,44,45
 314 511 314 511 309.5 513.5 c 128,-1,46
 305 516 305 516 305 524 c 2,47,-1
 305 531 l 1,0,-1
162 618 m 0,48,49
 166 620 166 620 197 620 c 0,50,51
 203 620 203 620 219 619.5 c 128,-1,52
 235 619 235 619 243 619 c 0,53,54
 298 618 298 618 307.5 615.5 c 128,-1,55
 317 613 317 613 319 596 c 0,56,57
 321 582 321 582 325.5 577 c 128,-1,58
 330 572 330 572 342 572 c 128,-1,59
 354 572 354 572 359 567 c 128,-1,60
 364 562 364 562 366 548 c 0,61,62
 368 536 368 536 371.5 530.5 c 128,-1,63
 375 525 375 525 381 526 c 0,64,65
 396 528 396 528 409 524 c 0,66,67
 421 520 421 520 423.5 494 c 128,-1,68
 426 468 426 468 426 348 c 0,69,70
 426 237 426 237 423.5 207 c 128,-1,71
 421 177 421 177 412 174 c 0,72,73
 406 171 406 171 396 171 c 0,74,75
 389 171 389 171 381 173 c 0,76,77
 375 175 375 175 373 175 c 0,78,79
 364 175 364 175 364 156 c 0,80,81
 364 142 364 142 359.5 137.5 c 128,-1,82
 355 133 355 133 342 133 c 128,-1,83
 329 133 329 133 324.5 129 c 128,-1,84
 320 125 320 125 320 112 c 0,85,86
 320 96 320 96 309.5 93 c 128,-1,87
 299 90 299 90 237 88 c 2,88,-1
 154 85 l 1,89,-1
 154 110 l 2,90,91
 154 125 154 125 149.5 129 c 128,-1,92
 145 133 145 133 128 133 c 0,93,94
 113 133 113 133 107 137.5 c 128,-1,95
 101 142 101 142 99 154 c 0,96,97
 97 162 97 162 93 166.5 c 128,-1,98
 89 171 89 171 84 170 c 0,99,100
 81 169 81 169 76 169 c 0,101,102
 59 169 59 169 55 199.5 c 128,-1,103
 51 230 51 230 50 340 c 2,104,-1
 50 378 l 2,105,106
 50 472 50 472 56.5 500 c 128,-1,107
 63 528 63 528 83 528 c 0,108,109
 100 528 100 528 103 548 c 0,110,111
 106 567 106 567 130 570 c 0,112,113
 144 572 144 572 149 577 c 128,-1,114
 154 582 154 582 154 594 c 0,115,116
 154 615 154 615 162 618 c 0,48,49
EndSplineSet
EndChar

StartChar: one
Encoding: 49 49 9
Width: 303
GlyphClass: 1
Flags: W
LayerCount: 2
Fore
SplineSet
143 567 m 0,0,1
 143 582 143 582 148 585.5 c 128,-1,2
 153 589 153 589 173 589 c 0,3,4
 192 589 192 589 198 585.5 c 128,-1,5
 204 582 204 582 206 570 c 0,6,7
 209 552 209 552 224 552 c 2,8,-1
 228 552 l 1,9,-1
 234 552 l 2,10,11
 243 552 243 552 245.5 545 c 128,-1,12
 248 538 248 538 250 508 c 0,13,14
 252 484 252 484 252 423 c 0,15,16
 252 381 252 381 250 281 c 2,17,-1
 247 98 l 1,18,-1
 187 98 l 1,19,-1
 185 313 l 2,20,21
 182 528 182 528 174 531 c 0,22,23
 171 532 171 532 167 526.5 c 128,-1,24
 163 521 163 521 162 513 c 0,25,26
 159 493 159 493 138 493 c 0,27,28
 126 493 126 493 121.5 488 c 128,-1,29
 117 483 117 483 115 469 c 0,30,31
 113 456 113 456 110 451 c 128,-1,32
 107 446 107 446 99 446 c 0,33,34
 96 446 96 446 86 448 c 0,35,36
 65 450 65 450 58 453 c 128,-1,37
 51 456 51 456 51 464 c 0,38,39
 51 470 51 470 54 482 c 0,40,41
 61 506 61 506 82 506 c 0,42,43
 104 506 104 506 104 519 c 0,44,45
 104 522 104 522 104.5 528 c 128,-1,46
 105 534 105 534 105.5 537.5 c 128,-1,47
 106 541 106 541 107 544.5 c 128,-1,48
 108 548 108 548 110 550 c 128,-1,49
 112 552 112 552 116 552 c 0,50,51
 119 552 119 552 125 550 c 0,52,53
 133 548 133 548 134 548 c 0,54,55
 143 548 143 548 143 567 c 0,0,1
EndSplineSet
EndChar

StartChar: two
Encoding: 50 50 10
Width: 415
GlyphClass: 1
Flags: W
LayerCount: 2
Fore
SplineSet
164.5 304 m 0,0,1
 164.5 320 164.5 320 171.5 324.5 c 128,-1,2
 178.5 329 178.5 329 195.5 329 c 2,3,-1
 208.5 329 l 2,4,5
 230.5 332 230.5 332 230.5 348 c 0,6,7
 230.5 358 230.5 358 237.5 362.5 c 128,-1,8
 244.5 367 244.5 367 265.5 370 c 2,9,-1
 300.5 375 l 1,10,11
 301.5 399 301.5 399 302.5 447 c 128,-1,12
 303.5 495 303.5 495 304.5 519 c 1,13,-1
 110.5 519 l 1,14,-1
 113.5 484 l 1,15,-1
 113.5 475 l 2,16,17
 113.5 432 113.5 432 83.5 432 c 0,18,19
 81.5 432 81.5 432 79.5 432.5 c 128,-1,20
 77.5 433 77.5 433 75.5 433 c 0,21,22
 61.5 435 61.5 435 58 444 c 128,-1,23
 54.5 453 54.5 453 54.5 489 c 0,24,25
 54.5 505 54.5 505 55.5 513.5 c 128,-1,26
 56.5 522 56.5 522 56.5 528.5 c 128,-1,27
 56.5 535 56.5 535 61 537.5 c 128,-1,28
 65.5 540 65.5 540 67 541 c 128,-1,29
 68.5 542 68.5 542 78 543 c 128,-1,30
 87.5 544 87.5 544 92.5 545 c 0,31,32
 104.5 546 104.5 546 98.5 563 c 0,33,34
 97.5 566 97.5 566 97.5 570 c 0,35,36
 97.5 577 97.5 577 116 579 c 128,-1,37
 134.5 581 134.5 581 203.5 581 c 0,38,39
 281.5 581 281.5 581 297.5 578 c 128,-1,40
 313.5 575 313.5 575 315.5 561 c 0,41,42
 318.5 543 318.5 543 339.5 537 c 0,43,44
 355.5 533 355.5 533 359 521.5 c 128,-1,45
 362.5 510 362.5 510 364.5 454 c 0,46,47
 364.5 449 364.5 449 365 440 c 128,-1,48
 365.5 431 365.5 431 365.5 427 c 0,49,50
 365.5 354 365.5 354 337.5 354 c 2,51,-1
 332.5 354 l 2,52,53
 326.5 355 326.5 355 321.5 350 c 128,-1,54
 316.5 345 316.5 345 313.5 335 c 0,55,56
 310.5 322 310.5 322 303 317.5 c 128,-1,57
 295.5 313 295.5 313 275.5 311 c 0,58,59
 254.5 309 254.5 309 249 304.5 c 128,-1,60
 243.5 300 243.5 300 243.5 287 c 0,61,62
 243.5 267 243.5 267 228.5 267 c 0,63,64
 227.5 267 227.5 267 224.5 267.5 c 128,-1,65
 221.5 268 221.5 268 219.5 268 c 2,66,-1
 210.5 268 l 2,67,68
 177.5 268 177.5 268 177.5 250 c 0,69,70
 177.5 248 177.5 248 178.5 245 c 128,-1,71
 179.5 242 179.5 242 179.5 241 c 0,72,73
 179.5 234 179.5 234 167.5 228 c 128,-1,74
 155.5 222 155.5 222 140.5 222 c 0,75,76
 132.5 222 132.5 222 128.5 223 c 2,77,-1
 126.5 223 l 2,78,79
 116.5 223 116.5 223 116.5 190 c 2,80,-1
 116.5 155 l 1,81,-1
 238.5 151 l 1,82,-1
 361.5 146 l 1,83,-1
 361.5 94 l 1,84,-1
 205.5 91 l 1,85,-1
 49.5 89 l 1,86,-1
 52.5 166 l 2,87,88
 54.5 225 54.5 225 58 234.5 c 128,-1,89
 61.5 244 61.5 244 79.5 246 c 0,90,91
 98.5 249 98.5 249 98.5 255 c 0,92,93
 98.5 256 98.5 256 97.5 257 c 0,94,95
 95.5 259 95.5 259 95.5 264 c 0,96,97
 95.5 273 95.5 273 106.5 279.5 c 128,-1,98
 117.5 286 117.5 286 132.5 286 c 2,99,-1
 138.5 286 l 2,100,101
 143.5 285 143.5 285 150.5 285 c 0,102,103
 159.5 285 159.5 285 162 289 c 128,-1,104
 164.5 293 164.5 293 164.5 304 c 0,0,1
EndSplineSet
EndChar

StartChar: three
Encoding: 51 51 11
Width: 416
GlyphClass: 1
Flags: W
LayerCount: 2
Fore
SplineSet
102 583 m 0,0,1
 102 589 102 589 212 589 c 2,2,-1
 322 589 l 1,3,-1
 322 568 l 2,4,5
 322 548 322 548 336 548 c 2,6,-1
 342 548 l 1,7,-1
 361 550 l 1,8,-1
 364 346 l 1,9,-1
 366 142 l 1,10,-1
 344 142 l 2,11,12
 330 142 330 142 326 138 c 128,-1,13
 322 134 322 134 322 120 c 2,14,-1
 322 98 l 1,15,-1
 212 98 l 2,16,17
 104 98 104 98 102 107 c 0,18,19
 101 110 101 110 100 117 c 128,-1,20
 99 124 99 124 99 126 c 0,21,22
 99 136 99 136 76 142 c 0,23,24
 64 145 64 145 59.5 151.5 c 128,-1,25
 55 158 55 158 53 173 c 0,26,27
 52 181 52 181 52 195 c 0,28,29
 52 220 52 220 59.5 229.5 c 128,-1,30
 67 239 67 239 85 239 c 0,31,32
 105 239 105 239 109 232 c 128,-1,33
 113 225 113 225 115 190 c 2,34,-1
 116 164 l 1,35,-1
 211 161 l 1,36,-1
 304 159 l 1,37,-1
 304 325 l 1,38,-1
 142 331 l 1,39,-1
 139 355 l 1,40,-1
 137 379 l 1,41,-1
 304 379 l 1,42,-1
 304 528 l 1,43,-1
 111 528 l 1,44,45
 112 516 112 516 116 492.5 c 128,-1,46
 120 469 120 469 121 458 c 1,47,-1
 50 458 l 1,48,-1
 50 496 l 2,49,50
 50 525 50 525 58 537 c 128,-1,51
 66 549 66 549 85 550 c 0,52,53
 90 550 90 550 94.5 554 c 128,-1,54
 99 558 99 558 99 563 c 0,55,56
 102 582 102 582 102 583 c 0,0,1
EndSplineSet
EndChar

StartChar: four
Encoding: 52 52 12
Width: 467
GlyphClass: 1
Flags: W
LayerCount: 2
Fore
SplineSet
299.5 426 m 2,0,1
 299.5 509 299.5 509 296.5 536.5 c 128,-1,2
 293.5 564 293.5 564 285.5 567 c 0,3,4
 283.5 568 283.5 568 278.5 568 c 0,5,6
 266.5 568 266.5 568 262.5 524 c 0,7,8
 261.5 508 261.5 508 255.5 502.5 c 128,-1,9
 249.5 497 249.5 497 235.5 495 c 0,10,11
 220.5 493 220.5 493 216 487 c 128,-1,12
 211.5 481 211.5 481 209.5 460 c 0,13,14
 208.5 441 208.5 441 203.5 434 c 128,-1,15
 198.5 427 198.5 427 187.5 425 c 0,16,17
 174.5 423 174.5 423 171 416 c 128,-1,18
 167.5 409 167.5 409 167.5 387 c 0,19,20
 167.5 363 167.5 363 163.5 358 c 128,-1,21
 159.5 353 159.5 353 142.5 353 c 0,22,23
 126.5 353 126.5 353 122.5 348 c 128,-1,24
 118.5 343 118.5 343 118.5 322 c 2,25,-1
 118.5 291 l 1,26,-1
 299.5 291 l 1,27,-1
 299.5 426 l 2,0,1
242.5 616 m 0,28,29
 247.5 625 247.5 625 304.5 625 c 2,30,-1
 360.5 625 l 1,31,-1
 360.5 291 l 1,32,-1
 386.5 291 l 2,33,34
 405.5 291 405.5 291 409.5 286 c 128,-1,35
 413.5 281 413.5 281 413.5 257 c 0,36,37
 413.5 236 413.5 236 410.5 230 c 128,-1,38
 407.5 224 407.5 224 397.5 224 c 2,39,-1
 389.5 224 l 1,40,-1
 380.5 224 l 2,41,42
 369.5 224 369.5 224 367 216.5 c 128,-1,43
 364.5 209 364.5 209 362.5 170 c 2,44,-1
 359.5 115 l 1,45,-1
 331.5 118 l 2,46,47
 310.5 120 310.5 120 306.5 127 c 128,-1,48
 302.5 134 302.5 134 299.5 172 c 2,49,-1
 294.5 224 l 1,50,-1
 185.5 224 l 2,51,52
 71.5 224 71.5 224 64.5 227 c 0,53,54
 53.5 232 53.5 232 53.5 301 c 2,55,-1
 53.5 370 l 1,56,-1
 78.5 370 l 2,57,58
 93.5 370 93.5 370 98 374 c 128,-1,59
 102.5 378 102.5 378 102.5 394 c 2,60,-1
 102.5 404 l 1,61,-1
 102.5 412 l 2,62,63
 102.5 427 102.5 427 106.5 432 c 128,-1,64
 110.5 437 110.5 437 124.5 439 c 0,65,66
 139.5 441 139.5 441 143.5 447 c 128,-1,67
 147.5 453 147.5 453 148.5 472 c 0,68,69
 149.5 490 149.5 490 151 498 c 128,-1,70
 152.5 506 152.5 506 156 510 c 128,-1,71
 159.5 514 159.5 514 165.5 514 c 128,-1,72
 171.5 514 171.5 514 175.5 513 c 0,73,74
 178.5 512 178.5 512 182.5 512 c 0,75,76
 192.5 512 192.5 512 195.5 543 c 0,77,78
 198.5 576 198.5 576 211.5 576 c 0,79,80
 224.5 577 224.5 577 234 582.5 c 128,-1,81
 243.5 588 243.5 588 243.5 595 c 0,82,83
 243.5 598 243.5 598 242.5 599 c 0,84,85
 235.5 606 235.5 606 242.5 616 c 0,28,29
EndSplineSet
EndChar

StartChar: five
Encoding: 53 53 13
Width: 454
GlyphClass: 1
Flags: W
LayerCount: 2
Fore
SplineSet
109 590 m 0,0,1
 115 598 115 598 245 598 c 2,2,-1
 376 598 l 1,3,-1
 374 567 l 1,4,-1
 371 535 l 1,5,-1
 248 534 l 1,6,-1
 126 532 l 1,7,-1
 124 482 l 1,8,-1
 123 432 l 1,9,-1
 212 430 l 2,10,11
 277 428 277 428 289 424.5 c 128,-1,12
 301 421 301 421 305 405 c 0,13,14
 309 386 309 386 324 386 c 2,15,-1
 329 386 l 1,16,-1
 334 386 l 2,17,18
 347 386 347 386 351 364 c 0,19,20
 353 350 353 350 358 344.5 c 128,-1,21
 363 339 363 339 376 339 c 0,22,23
 392 339 392 339 395 330 c 128,-1,24
 398 321 398 321 400 263 c 2,25,-1
 403 187 l 1,26,-1
 378 184 l 2,27,28
 364 182 364 182 359 177.5 c 128,-1,29
 354 173 354 173 354 160 c 0,30,31
 354 138 354 138 334 135 c 0,32,33
 315 132 315 132 312 113 c 0,34,35
 310 99 310 99 297.5 96.5 c 128,-1,36
 285 94 285 94 226 94 c 0,37,38
 164 94 164 94 153.5 97 c 128,-1,39
 143 100 143 100 143 116 c 0,40,41
 143 129 143 129 138.5 133.5 c 128,-1,42
 134 138 134 138 121 138 c 128,-1,43
 108 138 108 138 103.5 143 c 128,-1,44
 99 148 99 148 97 162 c 128,-1,45
 95 176 95 176 90 181 c 128,-1,46
 85 186 85 186 72 186 c 0,47,48
 58 186 58 186 54.5 193 c 128,-1,49
 51 200 51 200 51 230 c 2,50,-1
 51 274 l 1,51,-1
 81 274 l 2,52,53
 103 274 103 274 107.5 269 c 128,-1,54
 112 264 112 264 114 237 c 0,55,56
 116 214 116 214 118.5 207.5 c 128,-1,57
 121 201 121 201 129 201 c 0,58,59
 130 201 130 201 132 201.5 c 128,-1,60
 134 202 134 202 136 202 c 2,61,-1
 141 202 l 2,62,63
 154 202 154 202 158 180 c 0,64,65
 160 170 160 170 162.5 163.5 c 128,-1,66
 165 157 165 157 168 158 c 0,67,68
 176 160 176 160 236 160 c 0,69,70
 295 160 295 160 295 169 c 0,71,72
 295 170 295 170 294.5 171 c 128,-1,73
 294 172 294 172 294 173 c 0,74,75
 293 175 293 175 293 179 c 0,76,77
 293 197 293 197 323 199 c 0,78,79
 331 199 331 199 333.5 211.5 c 128,-1,80
 336 224 336 224 336 261 c 0,81,82
 336 304 336 304 333 313 c 128,-1,83
 330 322 330 322 314 326 c 0,84,85
 292 332 292 332 292 348 c 0,86,87
 292 361 292 361 276 363.5 c 128,-1,88
 260 366 260 366 185 366 c 0,89,90
 78 366 78 366 69 375 c 0,91,92
 61 383 61 383 61 438 c 0,93,94
 61 442 61 442 61.5 452 c 128,-1,95
 62 462 62 462 62 468 c 2,96,-1
 64 550 l 1,97,-1
 89 553 l 2,98,99
 103 555 103 555 107.5 558.5 c 128,-1,100
 112 562 112 562 109 569 c 0,101,102
 103 584 103 584 109 590 c 0,0,1
EndSplineSet
EndChar

StartChar: six
Encoding: 54 54 14
Width: 441
GlyphClass: 1
Flags: W
LayerCount: 2
Fore
SplineSet
284 362 m 0,0,1
 284 371 284 371 278 374.5 c 128,-1,2
 272 378 272 378 254 378 c 2,3,-1
 243 378 l 2,4,5
 188 376 188 376 170.5 371 c 128,-1,6
 153 366 153 366 153 352 c 0,7,8
 153 335 153 335 131 335 c 128,-1,9
 109 335 109 335 109 329 c 0,10,11
 107 302 107 302 107 263 c 0,12,13
 107 222 107 222 113 220 c 0,14,15
 115 219 115 219 123.5 218.5 c 128,-1,16
 132 218 132 218 135 218 c 0,17,18
 148 218 148 218 148 196 c 0,19,20
 148 182 148 182 157.5 179.5 c 128,-1,21
 167 177 167 177 217 175 c 0,22,23
 224 175 224 175 234 174.5 c 128,-1,24
 244 174 244 174 248 174 c 0,25,26
 270 174 270 174 277 177 c 128,-1,27
 284 180 284 180 284 188 c 0,28,29
 284 230 284 230 317 230 c 0,30,31
 326 230 326 230 329 231 c 128,-1,32
 332 232 332 232 334 237 c 128,-1,33
 336 242 336 242 336 253 c 0,34,35
 336 271 336 271 335 285 c 0,36,37
 333 325 333 325 329.5 332.5 c 128,-1,38
 326 340 326 340 309 342 c 0,39,40
 284 345 284 345 284 362 c 0,0,1
98 618 m 0,41,42
 101 623 101 623 179 623 c 2,43,-1
 208 623 l 2,44,45
 285 621 285 621 300.5 618 c 128,-1,46
 316 615 316 615 318 601 c 0,47,48
 321 582 321 582 340 579 c 0,49,50
 353 577 353 577 356 569 c 128,-1,51
 359 561 359 561 359 532 c 0,52,53
 359 502 359 502 355.5 495 c 128,-1,54
 352 488 352 488 335 486 c 0,55,56
 330 485 330 485 324 485 c 0,57,58
 315 485 315 485 313 490 c 128,-1,59
 311 495 311 495 311 512 c 0,60,61
 311 544 311 544 300 552 c 128,-1,62
 289 560 289 560 239 560 c 2,63,-1
 203 560 l 1,64,-1
 107 559 l 1,65,-1
 107 475 l 2,66,67
 107 419 107 419 110 405.5 c 128,-1,68
 113 392 113 392 124 392 c 0,69,70
 140 392 140 392 137 411 c 2,71,-1
 137 416 l 2,72,73
 137 431 137 431 157.5 435.5 c 128,-1,74
 178 440 178 440 239 440 c 0,75,76
 285 440 285 440 293.5 437 c 128,-1,77
 302 434 302 434 302 418 c 0,78,79
 302 404 302 404 306 400 c 128,-1,80
 310 396 310 396 324 396 c 128,-1,81
 338 396 338 396 342 392 c 128,-1,82
 346 388 346 388 346 374 c 0,83,84
 346 353 346 353 358 353 c 0,85,86
 363 353 363 353 366 354 c 0,87,88
 368 354 368 354 370 354.5 c 128,-1,89
 372 355 372 355 373 355 c 0,90,91
 381 355 381 355 383.5 344 c 128,-1,92
 386 333 386 333 388 285 c 0,93,94
 389 269 389 269 389 247 c 128,-1,95
 389 225 389 225 385.5 219 c 128,-1,96
 382 213 382 213 370 211 c 0,97,98
 352 208 352 208 346 186 c 128,-1,99
 340 164 340 164 321 155 c 128,-1,100
 302 146 302 146 302 126 c 0,101,102
 302 115 302 115 296.5 111.5 c 128,-1,103
 291 108 291 108 268 108 c 0,104,105
 241 108 241 108 221 109 c 0,106,107
 167 111 167 111 153.5 114 c 128,-1,108
 140 117 140 117 140 126 c 0,109,110
 140 155 140 155 111 155 c 0,111,112
 105 155 105 155 99 161.5 c 128,-1,113
 93 168 93 168 91 177 c 0,114,115
 85 199 85 199 70 199 c 0,116,117
 57 199 57 199 54.5 225 c 128,-1,118
 52 251 52 251 52 383 c 0,119,120
 52 508 52 508 54.5 537.5 c 128,-1,121
 57 567 57 567 67 567 c 2,122,-1
 68 567 l 1,123,-1
 70 567 l 2,124,125
 82 567 82 567 88 589 c 0,126,127
 97 616 97 616 98 618 c 0,41,42
EndSplineSet
EndChar

StartChar: seven
Encoding: 55 55 15
Width: 421
GlyphClass: 1
Flags: W
LayerCount: 2
Fore
SplineSet
52.5 582 m 2,0,-1
 52.5 607 l 1,1,-1
 368.5 607 l 1,2,-1
 368.5 528 l 2,3,4
 368.5 469 368.5 469 366 459 c 128,-1,5
 363.5 449 363.5 449 347.5 449 c 0,6,7
 333.5 449 333.5 449 329 443.5 c 128,-1,8
 324.5 438 324.5 438 322.5 417 c 0,9,10
 320.5 395 320.5 395 316 389 c 128,-1,11
 311.5 383 311.5 383 297.5 381 c 0,12,13
 284.5 379 284.5 379 280 375 c 128,-1,14
 275.5 371 275.5 371 275.5 360 c 2,15,-1
 275.5 351 l 1,16,-1
 275.5 345 l 2,17,18
 275.5 332 275.5 332 271 326.5 c 128,-1,19
 266.5 321 266.5 321 254.5 318 c 0,20,21
 234.5 314 234.5 314 234.5 293 c 2,22,-1
 234.5 284 l 1,23,-1
 234.5 279 l 2,24,25
 234.5 257 234.5 257 225.5 255 c 0,26,27
 222.5 254 222.5 254 213.5 253.5 c 128,-1,28
 204.5 253 204.5 253 201.5 253 c 0,29,30
 188.5 252 188.5 252 185.5 219 c 0,31,32
 183.5 197 183.5 197 179.5 191.5 c 128,-1,33
 175.5 186 175.5 186 161.5 186 c 128,-1,34
 147.5 186 147.5 186 144 180.5 c 128,-1,35
 140.5 175 140.5 175 140.5 151 c 0,36,37
 140.5 126 140.5 126 136 121 c 128,-1,38
 131.5 116 131.5 116 108.5 116 c 2,39,-1
 77.5 116 l 1,40,-1
 80.5 158 l 2,41,42
 82.5 185 82.5 185 86 192.5 c 128,-1,43
 89.5 200 89.5 200 102.5 202 c 0,44,45
 113.5 204 113.5 204 118.5 211 c 128,-1,46
 123.5 218 123.5 218 124.5 237 c 0,47,48
 126.5 256 126.5 256 131 263.5 c 128,-1,49
 135.5 271 135.5 271 146.5 272 c 0,50,51
 165.5 275 165.5 275 168.5 303 c 0,52,53
 169.5 321 169.5 321 175 326 c 128,-1,54
 180.5 331 180.5 331 195.5 333 c 0,55,56
 211.5 335 211.5 335 215.5 341 c 128,-1,57
 219.5 347 219.5 347 219.5 371 c 0,58,59
 219.5 391 219.5 391 222 397 c 128,-1,60
 224.5 403 224.5 403 233.5 403 c 2,61,-1
 239.5 403 l 1,62,-1
 245.5 403 l 2,63,64
 254.5 403 254.5 403 257.5 409 c 128,-1,65
 260.5 415 260.5 415 263.5 436 c 0,66,67
 268.5 471 268.5 471 280.5 472 c 0,68,69
 283.5 472 283.5 472 288.5 473 c 128,-1,70
 293.5 474 293.5 474 297 474.5 c 128,-1,71
 300.5 475 300.5 475 302.5 475 c 0,72,73
 311.5 475 311.5 475 311.5 511 c 2,74,-1
 311.5 546 l 1,75,-1
 195.5 546 l 2,76,77
 79.5 546 79.5 546 66.5 551 c 0,78,79
 52.5 557 52.5 557 52.5 582 c 2,0,-1
EndSplineSet
EndChar

StartChar: eight
Encoding: 56 56 16
Width: 417
GlyphClass: 1
Flags: W
LayerCount: 2
Fore
SplineSet
301 176 m 1,0,1
 302 207 302 207 302 268.5 c 128,-1,2
 302 330 302 330 303 361 c 1,3,-1
 207 361 l 2,4,5
 111 361 111 361 111 360 c 128,-1,6
 111 359 111 359 111 347.5 c 128,-1,7
 111 336 111 336 110.5 312.5 c 128,-1,8
 110 289 110 289 110 269 c 2,9,-1
 109 182 l 1,10,-1
 301 176 l 1,0,1
302 422 m 1,11,12
 302 446 302 446 301 493 c 128,-1,13
 300 540 300 540 300 563 c 1,14,-1
 107 563 l 1,15,16
 108 540 108 540 108 495 c 128,-1,17
 108 450 108 450 109 427 c 1,18,-1
 205 425 l 1,19,-1
 302 422 l 1,11,12
97 619 m 0,20,21
 101 630 101 630 176 630 c 2,22,-1
 210 630 l 1,23,-1
 318 629 l 1,24,-1
 320 605 l 2,25,26
 324 583 324 583 337 583 c 2,27,-1
 342 583 l 1,28,-1
 347 583 l 2,29,30
 357 583 357 583 359.5 569 c 128,-1,31
 362 555 362 555 364 496 c 2,32,-1
 367 405 l 1,33,-1
 344 405 l 2,34,35
 331 405 331 405 326.5 401.5 c 128,-1,36
 322 398 322 398 324 390 c 0,37,38
 328 374 328 374 338 374 c 0,39,40
 340 374 340 374 347.5 373 c 128,-1,41
 355 372 355 372 357 371 c 0,42,43
 366 369 366 369 366 265 c 2,44,-1
 366 160 l 1,45,-1
 339 160 l 2,46,47
 316 160 316 160 316 151 c 0,48,49
 316 150 316 150 318 138 c 2,50,-1
 324 116 l 1,51,-1
 94 116 l 1,52,-1
 94 138 l 2,53,54
 94 152 94 152 90 156 c 128,-1,55
 86 160 86 160 72 160 c 2,56,-1
 50 160 l 1,57,-1
 50 269 l 2,58,59
 50 343 50 343 52 360 c 128,-1,60
 54 377 54 377 63 377 c 0,61,62
 64 377 64 377 66 376.5 c 128,-1,63
 68 376 68 376 69 376 c 0,64,65
 88 374 88 374 92 390 c 0,66,67
 94 398 94 398 90 401.5 c 128,-1,68
 86 405 86 405 73 405 c 2,69,-1
 50 405 l 1,70,-1
 50 498 l 2,71,72
 50 555 50 555 52 570.5 c 128,-1,73
 54 586 54 586 61 586 c 0,74,75
 65 586 65 586 68 585 c 128,-1,76
 71 584 71 584 76 584 c 128,-1,77
 81 584 81 584 84 586 c 128,-1,78
 87 588 87 588 89 592.5 c 128,-1,79
 91 597 91 597 92.5 600.5 c 128,-1,80
 94 604 94 604 95 610 c 128,-1,81
 96 616 96 616 97 619 c 0,20,21
EndSplineSet
EndChar

StartChar: nine
Encoding: 57 57 17
Width: 460
GlyphClass: 1
Flags: W
LayerCount: 2
Fore
SplineSet
295.5 550 m 0,0,1
 295.5 566 295.5 566 287 569 c 128,-1,2
 278.5 572 278.5 572 233.5 572 c 0,3,4
 171.5 572 171.5 572 170.5 566 c 0,5,6
 170.5 553 170.5 553 169.5 546 c 0,7,8
 167.5 534 167.5 534 144.5 530 c 0,9,10
 126.5 528 126.5 528 123 519.5 c 128,-1,11
 119.5 511 119.5 511 119.5 471 c 0,12,13
 119.5 434 119.5 434 123 424 c 128,-1,14
 126.5 414 126.5 414 140.5 412 c 0,15,16
 158.5 409 158.5 409 161.5 386 c 0,17,18
 163.5 367 163.5 367 172.5 364 c 128,-1,19
 181.5 361 181.5 361 230.5 361 c 0,20,21
 273.5 361 273.5 361 284.5 364 c 128,-1,22
 295.5 367 295.5 367 295.5 378 c 0,23,24
 295.5 390 295.5 390 305.5 401.5 c 128,-1,25
 315.5 413 315.5 413 325.5 413 c 1,26,-1
 327.5 412 l 1,27,-1
 329.5 412 l 1,28,-1
 330.5 412 l 2,29,30
 339.5 412 339.5 412 341.5 469 c 0,31,32
 341.5 476 341.5 476 342 486.5 c 128,-1,33
 342.5 497 342.5 497 342.5 500 c 0,34,35
 342.5 520 342.5 520 338.5 524 c 128,-1,36
 334.5 528 334.5 528 319.5 528 c 128,-1,37
 304.5 528 304.5 528 300 532 c 128,-1,38
 295.5 536 295.5 536 295.5 550 c 0,0,1
154.5 627 m 0,39,40
 154.5 633 154.5 633 233.5 633 c 0,41,42
 292.5 633 292.5 633 302.5 630.5 c 128,-1,43
 312.5 628 312.5 628 312.5 612 c 0,44,45
 312.5 600 312.5 600 317.5 595 c 128,-1,46
 322.5 590 322.5 590 337.5 588 c 0,47,48
 361.5 585 361.5 585 361.5 568 c 0,49,50
 361.5 550 361.5 550 383.5 546 c 2,51,-1
 404.5 541 l 1,52,-1
 407.5 351 l 1,53,-1
 409.5 161 l 1,54,-1
 385.5 158 l 2,55,56
 361.5 155 361.5 155 361.5 138 c 0,57,58
 361.5 131 361.5 131 359 128 c 128,-1,59
 356.5 125 356.5 125 344 123 c 128,-1,60
 331.5 121 331.5 121 308.5 120 c 128,-1,61
 285.5 119 285.5 119 243.5 118 c 0,62,63
 240.5 118 240.5 118 239.5 118 c 2,64,-1
 118.5 115 l 1,65,-1
 123.5 138 l 2,66,67
 125.5 150 125.5 150 125.5 151 c 0,68,69
 125.5 160 125.5 160 102.5 160 c 2,70,-1
 75.5 160 l 1,71,-1
 77.5 211 l 2,72,73
 79.5 245 79.5 245 83 253 c 128,-1,74
 86.5 261 86.5 261 100.5 263 c 0,75,76
 101.5 263 101.5 263 104.5 263.5 c 128,-1,77
 107.5 264 107.5 264 108.5 264 c 0,78,79
 146.5 264 146.5 264 146.5 211 c 2,80,-1
 146.5 176 l 1,81,82
 178.5 177 178.5 177 243.5 179 c 128,-1,83
 308.5 181 308.5 181 340.5 182 c 1,84,-1
 341.5 263 l 2,85,86
 341.5 271 341.5 271 342 283.5 c 128,-1,87
 342.5 296 342.5 296 342.5 300 c 0,88,89
 342.5 327 342.5 327 339.5 335.5 c 128,-1,90
 336.5 344 336.5 344 328.5 344 c 0,91,92
 314.5 344 314.5 344 311.5 320 c 2,93,-1
 308.5 296 l 1,94,-1
 150.5 296 l 1,95,-1
 152.5 320 l 1,96,-1
 152.5 328 l 2,97,98
 152.5 338 152.5 338 148 341 c 128,-1,99
 143.5 344 143.5 344 128.5 344 c 128,-1,100
 113.5 344 113.5 344 108 348.5 c 128,-1,101
 102.5 353 102.5 353 100.5 368 c 0,102,103
 98.5 382 98.5 382 94 387 c 128,-1,104
 89.5 392 89.5 392 76.5 392 c 0,105,106
 60.5 392 60.5 392 57 400 c 128,-1,107
 53.5 408 53.5 408 51.5 449 c 0,108,109
 50.5 463 50.5 463 50.5 486 c 0,110,111
 50.5 521 50.5 521 57 533.5 c 128,-1,112
 63.5 546 63.5 546 80.5 546 c 0,113,114
 93.5 546 93.5 546 98 550 c 128,-1,115
 102.5 554 102.5 554 102.5 567 c 128,-1,116
 102.5 580 102.5 580 107 584.5 c 128,-1,117
 111.5 589 111.5 589 126.5 591 c 0,118,119
 151.5 595 151.5 595 151.5 607 c 0,120,121
 154.5 626 154.5 626 154.5 627 c 0,39,40
EndSplineSet
EndChar

StartChar: question
Encoding: 63 63 18
Width: 459
GlyphClass: 1
Flags: W
LayerCount: 2
Fore
SplineSet
188.5 676 m 0,0,1
 215.5 682 215.5 682 241.5 682 c 0,2,3
 314.5 682 314.5 682 361 642.5 c 128,-1,4
 407.5 603 407.5 603 407.5 538 c 0,5,6
 407.5 536 407.5 536 407 531 c 128,-1,7
 406.5 526 406.5 526 406.5 524 c 0,8,9
 402.5 480 402.5 480 381 449.5 c 128,-1,10
 359.5 419 359.5 419 308.5 388 c 0,11,12
 273.5 367 273.5 367 261 351 c 128,-1,13
 248.5 335 248.5 335 248.5 310 c 0,14,15
 248.5 300 248.5 300 249.5 294 c 0,16,17
 250.5 289 250.5 289 250.5 281 c 0,18,19
 250.5 275 250.5 275 249 272 c 128,-1,20
 247.5 269 247.5 269 242 267 c 128,-1,21
 236.5 265 236.5 265 230.5 265 c 128,-1,22
 224.5 265 224.5 265 209.5 265 c 2,23,-1
 168.5 265 l 1,24,-1
 173.5 309 l 2,25,26
 183.5 389 183.5 389 245.5 428 c 0,27,28
 293.5 459 293.5 459 314 483 c 128,-1,29
 334.5 507 334.5 507 334.5 532 c 0,30,31
 334.5 543 334.5 543 329.5 560 c 0,32,33
 320.5 588 320.5 588 290.5 602 c 0,34,35
 264.5 615 264.5 615 244.5 615 c 0,36,37
 226.5 615 226.5 615 193.5 603 c 0,38,39
 165.5 593 165.5 593 154 578.5 c 128,-1,40
 142.5 564 142.5 564 131.5 528 c 0,41,42
 125.5 509 125.5 509 119 503 c 128,-1,43
 112.5 497 112.5 497 93.5 495 c 0,44,45
 88.5 494 88.5 494 79.5 494 c 0,46,47
 51.5 494 51.5 494 51.5 516 c 0,48,49
 51.5 525 51.5 525 56.5 543 c 0,50,51
 70.5 597 70.5 597 105 631.5 c 128,-1,52
 139.5 666 139.5 666 188.5 676 c 0,0,1
162.5 107 m 1,53,-1
 162.5 212 l 1,54,-1
 258.5 212 l 1,55,-1
 258.5 107 l 1,56,-1
 162.5 107 l 1,53,-1
EndSplineSet
EndChar

StartChar: A
Encoding: 65 65 19
Width: 594
GlyphClass: 1
Flags: W
LayerCount: 2
Fore
SplineSet
392 303 m 0,0,1
 377 356 377 356 336 451 c 128,-1,2
 295 546 295 546 288 546 c 2,3,-1
 287 546 l 1,4,5
 284 542 284 542 284 539.5 c 128,-1,6
 284 537 284 537 285 534.5 c 128,-1,7
 286 532 286 532 286 531 c 0,8,9
 286 520 286 520 256 428.5 c 128,-1,10
 226 337 226 337 209 298 c 0,11,12
 207 294 207 294 207 292 c 0,13,14
 207 285 207 285 224.5 283.5 c 128,-1,15
 242 282 242 282 301 282 c 0,16,17
 363 282 363 282 378.5 283.5 c 128,-1,18
 394 285 394 285 394 293 c 0,19,20
 394 295 394 295 392 303 c 0,0,1
248 646 m 0,21,22
 253 660 253 660 261.5 664 c 128,-1,23
 270 668 270 668 294 668 c 2,24,-1
 331 668 l 1,25,-1
 357 591 l 2,26,27
 384 510 384 510 426.5 393 c 128,-1,28
 469 276 469 276 477 262 c 0,29,30
 479 257 479 257 490.5 227.5 c 128,-1,31
 502 198 502 198 513.5 171 c 128,-1,32
 525 144 525 144 530 139 c 0,33,34
 539 128 539 128 539 122 c 0,35,36
 539 109 539 109 508 109 c 2,37,-1
 496 109 l 1,38,-1
 456 111 l 1,39,-1
 440 160 l 2,40,41
 423 209 423 209 423 211 c 0,42,43
 423 212 423 212 301 212 c 2,44,-1
 179 212 l 1,45,-1
 166 165 l 2,46,47
 151 116 151 116 151 108 c 0,48,49
 151 98 151 98 103 98 c 2,50,-1
 55 98 l 1,51,-1
 68 118 l 2,52,53
 82 140 82 140 116 244 c 0,54,55
 165 392 165 392 194 470 c 0,56,57
 239 591 239 591 239 607 c 0,58,59
 239 624 239 624 248 646 c 0,21,22
EndSplineSet
EndChar

StartChar: B
Encoding: 66 66 20
Width: 528
GlyphClass: 1
Flags: W
LayerCount: 2
Fore
SplineSet
312 380 m 0,0,1
 280 386 280 386 203 388 c 2,2,-1
 130 388 l 1,3,-1
 130 186 l 1,4,-1
 212 186 l 2,5,6
 316 186 316 186 354.5 208 c 128,-1,7
 393 230 393 230 393 291 c 0,8,9
 393 364 393 364 312 380 c 0,0,1
332 611 m 0,10,11
 304 625 304 625 218 625 c 2,12,-1
 130 625 l 1,13,-1
 130 458 l 1,14,-1
 218 458 l 2,15,16
 307 458 307 458 341.5 476.5 c 128,-1,17
 376 495 376 495 376 541 c 0,18,19
 376 588 376 588 332 611 c 0,10,11
51 114 m 1,20,-1
 51 695 l 1,21,-1
 196 695 l 2,22,23
 322 695 322 695 360 685 c 128,-1,24
 398 675 398 675 425 634 c 0,25,26
 453 589 453 589 453 546 c 0,27,28
 453 512 453 512 437 480 c 0,29,30
 417 439 417 439 406 435 c 0,31,32
 404 433 404 433 404 432 c 0,33,34
 404 423 404 423 429 398 c 0,35,36
 477 350 477 350 477 284 c 0,37,38
 477 192 477 192 395 140 c 0,39,40
 373 127 373 127 345 123.5 c 128,-1,41
 317 120 317 120 207 118 c 2,42,-1
 51 114 l 1,20,-1
EndSplineSet
EndChar

StartChar: C
Encoding: 67 67 21
Width: 581
GlyphClass: 1
Flags: W
LayerCount: 2
Fore
SplineSet
199.5 696 m 0,0,1
 236.5 713 236.5 713 288.5 713 c 0,2,3
 337.5 713 337.5 713 383 698 c 128,-1,4
 428.5 683 428.5 683 456.5 657 c 0,5,6
 475.5 640 475.5 640 496.5 600.5 c 128,-1,7
 517.5 561 517.5 561 523.5 532 c 0,8,9
 526.5 522 526.5 522 526.5 515 c 128,-1,10
 526.5 508 526.5 508 521 504.5 c 128,-1,11
 515.5 501 515.5 501 501.5 498 c 0,12,13
 482.5 494 482.5 494 469.5 494 c 128,-1,14
 456.5 494 456.5 494 452 501 c 128,-1,15
 447.5 508 447.5 508 440.5 530 c 0,16,17
 427.5 579 427.5 579 388 609 c 128,-1,18
 348.5 639 348.5 639 299.5 639 c 0,19,20
 279.5 639 279.5 639 258.5 633 c 0,21,22
 141.5 602 141.5 602 128.5 432 c 0,23,24
 127.5 422 127.5 422 127.5 401 c 0,25,26
 127.5 301 127.5 301 174 239 c 128,-1,27
 220.5 177 220.5 177 296.5 177 c 0,28,29
 410.5 177 410.5 177 442.5 298 c 2,30,-1
 452.5 336 l 1,31,-1
 488.5 331 l 2,32,33
 525.5 323 525.5 323 527.5 321 c 128,-1,34
 529.5 319 529.5 319 529.5 314 c 0,35,36
 529.5 297 529.5 297 515.5 258.5 c 128,-1,37
 501.5 220 501.5 220 486.5 195 c 0,38,39
 430.5 106 430.5 106 313.5 100 c 1,40,-1
 296.5 100 l 2,41,42
 193.5 100 193.5 100 125.5 175 c 0,43,44
 84.5 222 84.5 222 68 272.5 c 128,-1,45
 51.5 323 51.5 323 51.5 405 c 0,46,47
 51.5 465 51.5 465 55 491.5 c 128,-1,48
 58.5 518 58.5 518 71.5 549 c 0,49,50
 90.5 595 90.5 595 127 637 c 128,-1,51
 163.5 679 163.5 679 199.5 696 c 0,0,1
EndSplineSet
EndChar

StartChar: D
Encoding: 68 68 22
Width: 555
GlyphClass: 1
Flags: W
LayerCount: 2
Fore
SplineSet
345 604 m 0,0,1
 321 622 321 622 302.5 626 c 128,-1,2
 284 630 284 630 220 632 c 2,3,-1
 130 635 l 1,4,-1
 130 186 l 1,5,-1
 198 186 l 2,6,7
 263 186 263 186 301 196 c 0,8,9
 356 212 356 212 387 266 c 128,-1,10
 418 320 418 320 418 401 c 0,11,12
 418 421 418 421 417 432 c 0,13,14
 410 554 410 554 345 604 c 0,0,1
51 107 m 1,15,-1
 51 712 l 1,16,-1
 168 712 l 2,17,18
 285 712 285 712 326 700 c 0,19,20
 407 675 407 675 455.5 597 c 128,-1,21
 504 519 504 519 504 416 c 0,22,23
 504 384 504 384 500 357 c 0,24,25
 487 263 487 263 443 202 c 128,-1,26
 399 141 399 141 331 121 c 0,27,28
 286 107 286 107 168 107 c 2,29,-1
 51 107 l 1,15,-1
EndSplineSet
EndChar

StartChar: E
Encoding: 69 69 23
Width: 466
GlyphClass: 1
Flags: W
LayerCount: 2
Fore
SplineSet
54.5 702 m 0,0,1
 57.5 712 57.5 712 155.5 712 c 0,2,3
 165.5 712 165.5 712 192.5 711.5 c 128,-1,4
 219.5 711 219.5 711 236.5 711 c 2,5,-1
 414.5 708 l 1,6,-1
 414.5 638 l 1,7,-1
 273.5 635 l 1,8,-1
 133.5 633 l 1,9,-1
 135.5 547 l 1,10,-1
 136.5 462 l 1,11,12
 178.5 460 178.5 460 262 457.5 c 128,-1,13
 345.5 455 345.5 455 387.5 454 c 1,14,-1
 387.5 392 l 1,15,-1
 263.5 389 l 1,16,-1
 138.5 387 l 1,17,-1
 136.5 291 l 1,18,-1
 133.5 195 l 1,19,-1
 273.5 193 l 1,20,-1
 414.5 190 l 1,21,-1
 414.5 120 l 1,22,-1
 54.5 120 l 1,23,-1
 51.5 405 l 1,24,-1
 51.5 517 l 2,25,26
 51.5 696 51.5 696 54.5 702 c 0,0,1
EndSplineSet
EndChar

StartChar: F
Encoding: 70 70 24
Width: 472
GlyphClass: 1
Flags: W
LayerCount: 2
Fore
SplineSet
55 711 m 0,0,1
 58 720 58 720 145 720 c 0,2,3
 199 720 199 720 237 719 c 2,4,-1
 415 717 l 1,5,-1
 417 680 l 1,6,-1
 420 642 l 1,7,-1
 138 642 l 1,8,-1
 138 440 l 1,9,-1
 393 440 l 1,10,-1
 393 361 l 1,11,-1
 139 361 l 1,12,-1
 137 237 l 1,13,-1
 134 111 l 1,14,-1
 55 111 l 1,15,-1
 52 405 l 1,16,-1
 52 520 l 2,17,18
 52 705 52 705 55 711 c 0,0,1
EndSplineSet
EndChar

StartChar: G
Encoding: 71 71 25
Width: 577
GlyphClass: 1
Flags: W
LayerCount: 2
Fore
SplineSet
241 712 m 0,0,1
 265 718 265 718 292 718 c 0,2,3
 343 718 343 718 392.5 698.5 c 128,-1,4
 442 679 442 679 471 646 c 0,5,6
 488 626 488 626 504.5 586 c 128,-1,7
 521 546 521 546 521 527 c 0,8,9
 521 520 521 520 519 518 c 0,10,11
 516 515 516 515 480 507 c 0,12,13
 464 505 464 505 461 505 c 0,14,15
 452 505 452 505 448.5 510.5 c 128,-1,16
 445 516 445 516 439 535 c 0,17,18
 423 587 423 587 386.5 616 c 128,-1,19
 350 645 350 645 304 645 c 0,20,21
 263 645 263 645 223 621 c 0,22,23
 142 575 142 575 132 439 c 0,24,25
 131 428 131 428 131 408 c 0,26,27
 131 303 131 303 176.5 241 c 128,-1,28
 222 179 222 179 299 179 c 0,29,30
 313 179 313 179 320 180 c 0,31,32
 369 185 369 185 402.5 217.5 c 128,-1,33
 436 250 436 250 443 298 c 2,34,-1
 448 334 l 1,35,-1
 375 337 l 1,36,-1
 301 339 l 1,37,-1
 298 369 l 2,38,39
 298 370 298 370 297.5 373 c 128,-1,40
 297 376 297 376 297 378 c 0,41,42
 297 399 297 399 304 404 c 0,43,44
 312 408 312 408 373 408 c 0,45,46
 403 408 403 408 419 407 c 2,47,-1
 526 404 l 1,48,-1
 524 337 l 2,49,50
 522 269 522 269 516 261 c 0,51,52
 508 253 508 253 508 246 c 0,53,54
 503 213 503 213 474 179.5 c 128,-1,55
 445 146 445 146 407 128 c 0,56,57
 360 106 360 106 296 106 c 0,58,59
 235 106 235 106 196 125 c 0,60,61
 156 144 156 144 121 185.5 c 128,-1,62
 86 227 86 227 70 274 c 0,63,64
 51 331 51 331 51 410 c 0,65,66
 51 488 51 488 70 547 c 0,67,68
 92 611 92 611 136.5 654 c 128,-1,69
 181 697 181 697 241 712 c 0,0,1
EndSplineSet
EndChar

StartChar: H
Encoding: 72 72 26
Width: 530
GlyphClass: 1
Flags: W
LayerCount: 2
Fore
SplineSet
56 706 m 0,0,1
 60 712 60 712 100 712 c 2,2,-1
 138 712 l 1,3,-1
 138 449 l 1,4,-1
 392 449 l 1,5,-1
 392 713 l 1,6,-1
 434 711 l 1,7,-1
 475 708 l 1,8,-1
 478 408 l 1,9,-1
 480 107 l 1,10,-1
 392 107 l 1,11,-1
 392 379 l 1,12,-1
 138 379 l 1,13,-1
 138 107 l 1,14,-1
 50 107 l 1,15,-1
 50 404 l 2,16,17
 50 702 50 702 56 706 c 0,0,1
EndSplineSet
EndChar

StartChar: I
Encoding: 73 73 27
Width: 188
GlyphClass: 1
Flags: W
LayerCount: 2
Fore
SplineSet
50 107 m 1,0,-1
 50 721 l 1,1,-1
 138 721 l 1,2,-1
 138 107 l 1,3,-1
 50 107 l 1,0,-1
EndSplineSet
EndChar

StartChar: J
Encoding: 74 74 28
Width: 442
GlyphClass: 1
Flags: W
LayerCount: 2
Fore
SplineSet
312 504 m 2,0,-1
 307 721 l 1,1,-1
 390 721 l 1,2,-1
 390 500 l 1,3,-1
 390 376 l 2,4,5
 390 342 390 342 389.5 321 c 128,-1,6
 389 300 389 300 389.5 282 c 128,-1,7
 390 264 390 264 388 253 c 128,-1,8
 386 242 386 242 386 234 c 128,-1,9
 386 226 386 226 382.5 219.5 c 128,-1,10
 379 213 379 213 378 210.5 c 128,-1,11
 377 208 377 208 371 200.5 c 128,-1,12
 365 193 365 193 363 189 c 0,13,14
 337 151 337 151 304.5 134.5 c 128,-1,15
 272 118 272 118 222 118 c 2,16,-1
 208 118 l 2,17,18
 169 120 169 120 151.5 125 c 128,-1,19
 134 130 134 130 115 144 c 0,20,21
 88 164 88 164 70.5 198 c 128,-1,22
 53 232 53 232 52 265 c 2,23,-1
 52 275 l 2,24,25
 52 289 52 289 57.5 292.5 c 128,-1,26
 63 296 63 296 89 298 c 0,27,28
 94 299 94 299 104 299 c 0,29,30
 125 299 125 299 125 294 c 0,31,32
 125 292 125 292 124.5 287.5 c 128,-1,33
 124 283 124 283 124 281 c 0,34,35
 124 247 124 247 151 220 c 0,36,37
 167 204 167 204 180.5 199.5 c 128,-1,38
 194 195 194 195 220 195 c 0,39,40
 290 195 290 195 309 261 c 0,41,42
 313 273 313 273 313 391 c 0,43,44
 313 464 313 464 312 504 c 2,0,-1
EndSplineSet
EndChar

StartChar: K
Encoding: 75 75 29
Width: 547
GlyphClass: 1
Flags: W
LayerCount: 2
Fore
SplineSet
53.5 613 m 2,0,-1
 53.5 704 l 1,1,-1
 95.5 702 l 1,2,-1
 136.5 699 l 1,3,-1
 136.5 556 l 2,4,5
 136.5 416 136.5 416 142.5 416 c 0,6,7
 147.5 416 147.5 416 225.5 515 c 0,8,9
 299.5 608 299.5 608 307.5 616 c 0,10,11
 325.5 634 325.5 634 346.5 662 c 0,12,13
 370.5 692 370.5 692 382 698 c 128,-1,14
 393.5 704 393.5 704 427.5 704 c 0,15,16
 474.5 704 474.5 704 474.5 699 c 0,17,18
 474.5 696 474.5 696 372.5 574 c 0,19,20
 266.5 449 266.5 449 266.5 442 c 0,21,22
 266.5 427 266.5 427 380.5 270 c 0,23,24
 493.5 118 493.5 118 493.5 105 c 0,25,26
 493.5 98 493.5 98 448.5 98 c 2,27,-1
 444.5 98 l 2,28,29
 413.5 98 413.5 98 396 115.5 c 128,-1,30
 378.5 133 378.5 133 307.5 234 c 0,31,32
 210.5 369 210.5 369 204.5 369 c 128,-1,33
 198.5 369 198.5 369 171.5 338 c 0,34,35
 152.5 314 152.5 314 149 297 c 128,-1,36
 145.5 280 145.5 280 145.5 204 c 2,37,-1
 145.5 103 l 1,38,-1
 64.5 97 l 1,39,-1
 59.5 310 l 2,40,41
 53.5 486 53.5 486 53.5 613 c 2,0,-1
EndSplineSet
EndChar

StartChar: L
Encoding: 76 76 30
Width: 450
GlyphClass: 1
Flags: W
LayerCount: 2
Fore
SplineSet
56 706 m 0,0,1
 56 712 56 712 96 712 c 2,2,-1
 135 712 l 1,3,-1
 135 186 l 1,4,-1
 398 186 l 1,5,-1
 398 107 l 1,6,-1
 52 107 l 1,7,-1
 54 404 l 2,8,9
 56 566 56 566 56 706 c 0,0,1
EndSplineSet
EndChar

StartChar: M
Encoding: 77 77 31
Width: 660
GlyphClass: 1
Flags: W
LayerCount: 2
Fore
SplineSet
53 666 m 0,0,1
 58 677 58 677 103 677 c 2,2,-1
 149 677 l 1,3,-1
 208 539 l 2,4,5
 265 406 265 406 294 326 c 0,6,7
 326 246 326 246 328 246 c 0,8,9
 337 246 337 246 423 456 c 2,10,-1
 512 673 l 1,11,-1
 561 675 l 1,12,-1
 610 678 l 1,13,-1
 610 110 l 2,14,15
 610 103 610 103 573 103 c 2,16,-1
 535 103 l 1,17,18
 534 173 534 173 531 313 c 128,-1,19
 528 453 528 453 527 523 c 1,20,-1
 476 401 l 2,21,22
 463 369 463 369 430.5 292 c 128,-1,23
 398 215 398 215 388 189 c 0,24,25
 368 140 368 140 357 119.5 c 128,-1,26
 346 99 346 99 336 99 c 0,27,28
 322 99 322 99 302.5 137.5 c 128,-1,29
 283 176 283 176 238 285 c 0,30,31
 219 330 219 330 198 380.5 c 128,-1,32
 177 431 177 431 162.5 465.5 c 128,-1,33
 148 500 148 500 146 505 c 0,34,35
 141 519 141 519 138 519 c 0,36,37
 132 519 132 519 132 321 c 2,38,-1
 132 103 l 1,39,-1
 53 103 l 1,40,-1
 50 379 l 1,41,-1
 50 487 l 2,42,43
 50 660 50 660 53 666 c 0,0,1
EndSplineSet
EndChar

StartChar: N
Encoding: 78 78 32
Width: 529
GlyphClass: 1
Flags: W
LayerCount: 2
Fore
SplineSet
53 683 m 0,0,1
 58 695 58 695 99 695 c 2,2,-1
 143 695 l 1,3,4
 229 542 229 542 399 234 c 1,5,-1
 399 695 l 1,6,-1
 478 695 l 1,7,-1
 478 585 l 2,8,9
 478 560 478 560 478.5 452.5 c 128,-1,10
 479 345 479 345 479 289 c 2,11,-1
 479 103 l 1,12,-1
 388 103 l 1,13,-1
 267 321 l 2,14,15
 141 546 141 546 139 546 c 0,16,17
 134 546 134 546 134 419 c 0,18,19
 134 358 134 358 135 325 c 2,20,-1
 137 97 l 1,21,-1
 53 103 l 1,22,-1
 50 388 l 1,23,-1
 50 499 l 2,24,25
 50 677 50 677 53 683 c 0,0,1
EndSplineSet
EndChar

StartChar: O
Encoding: 79 79 33
Width: 596
GlyphClass: 1
Flags: W
LayerCount: 2
Fore
SplineSet
341.5 629 m 0,0,1
 332.5 631 332.5 631 321 634.5 c 128,-1,2
 309.5 638 309.5 638 303.5 639.5 c 128,-1,3
 297.5 641 297.5 641 296.5 641 c 128,-1,4
 295.5 641 295.5 641 290 639 c 128,-1,5
 284.5 637 284.5 637 274.5 634.5 c 128,-1,6
 264.5 632 264.5 632 254.5 630 c 0,7,8
 229.5 625 229.5 625 202 599.5 c 128,-1,9
 174.5 574 174.5 574 157.5 542 c 0,10,11
 141.5 508 141.5 508 135.5 432 c 0,12,13
 134.5 422 134.5 422 134.5 402 c 0,14,15
 134.5 295 134.5 295 178 236 c 128,-1,16
 221.5 177 221.5 177 301.5 177 c 0,17,18
 369.5 178 369.5 178 413.5 232.5 c 128,-1,19
 457.5 287 457.5 287 464.5 380 c 0,20,21
 465.5 391 465.5 391 465.5 412 c 0,22,23
 465.5 495 465.5 495 432.5 553.5 c 128,-1,24
 399.5 612 399.5 612 341.5 629 c 0,0,1
241.5 704 m 0,25,26
 269.5 708 269.5 708 287.5 708 c 0,27,28
 361.5 708 361.5 708 405.5 686 c 0,29,30
 429.5 673 429.5 673 457.5 645.5 c 128,-1,31
 485.5 618 485.5 618 504.5 589 c 0,32,33
 544.5 524 544.5 524 544.5 408 c 0,34,35
 544.5 315 544.5 315 515.5 251 c 0,36,37
 494.5 206 494.5 206 475 182.5 c 128,-1,38
 455.5 159 455.5 159 416.5 132 c 0,39,40
 392.5 114 392.5 114 374.5 110.5 c 128,-1,41
 356.5 107 356.5 107 301.5 107 c 0,42,43
 250.5 107 250.5 107 229.5 111 c 128,-1,44
 208.5 115 208.5 115 183.5 130 c 0,45,46
 109.5 171 109.5 171 71.5 274 c 0,47,48
 51.5 325 51.5 325 51.5 411 c 0,49,50
 51.5 488 51.5 488 67.5 532 c 0,51,52
 91.5 602 91.5 602 138.5 648.5 c 128,-1,53
 185.5 695 185.5 695 241.5 704 c 0,25,26
EndSplineSet
EndChar

StartChar: P
Encoding: 80 80 34
Width: 533
GlyphClass: 1
Flags: W
LayerCount: 2
Fore
SplineSet
355.5 607 m 0,0,1
 337.5 620 337.5 620 238.5 623 c 2,2,-1
 139.5 626 l 1,3,-1
 139.5 403 l 1,4,-1
 233.5 407 l 2,5,6
 331.5 413 331.5 413 352.5 424 c 0,7,8
 402.5 447 402.5 447 402.5 514 c 0,9,10
 402.5 577 402.5 577 355.5 607 c 0,0,1
57.5 689 m 0,11,12
 62.5 694 62.5 694 152.5 694 c 0,13,14
 193.5 694 193.5 694 215.5 693 c 2,15,-1
 365.5 690 l 1,16,-1
 404.5 664 l 2,17,18
 442.5 638 442.5 638 462 598 c 128,-1,19
 481.5 558 481.5 558 481.5 514 c 0,20,21
 481.5 463 481.5 463 455.5 419 c 128,-1,22
 429.5 375 429.5 375 380.5 352 c 0,23,24
 343.5 335 343.5 335 242.5 335 c 2,25,-1
 139.5 335 l 1,26,-1
 139.5 107 l 1,27,-1
 51.5 107 l 1,28,-1
 51.5 395 l 2,29,30
 51.5 683 51.5 683 57.5 689 c 0,11,12
EndSplineSet
EndChar

StartChar: Q
Encoding: 81 81 35
Width: 592
GlyphClass: 1
Flags: W
LayerCount: 2
Fore
SplineSet
402 589 m 0,0,1
 384 606 384 606 349 622 c 128,-1,2
 314 638 314 638 294 638 c 0,3,4
 289 638 289 638 287 637 c 0,5,6
 285 637 285 637 273.5 634.5 c 128,-1,7
 262 632 262 632 255 630 c 0,8,9
 219 622 219 622 183 581 c 128,-1,10
 147 540 147 540 138 496 c 0,11,12
 128 450 128 450 128 403 c 0,13,14
 128 331 128 331 152.5 276 c 128,-1,15
 177 221 177 221 222 196 c 0,16,17
 253 178 253 178 299 178 c 0,18,19
 338 178 338 178 363 191 c 2,20,-1
 389 204 l 1,21,22
 332 266 332 266 273 329 c 1,23,-1
 298 354 l 1,24,-1
 322 381 l 1,25,-1
 375 323 l 2,26,27
 428 265 428 265 434 265 c 0,28,29
 444 265 444 265 453 308.5 c 128,-1,30
 462 352 462 352 462 401 c 2,31,-1
 462 407 l 2,32,33
 462 531 462 531 402 589 c 0,0,1
274 713 m 0,34,35
 274 721 274 721 290 721 c 0,36,37
 308 721 308 721 314 712 c 0,38,39
 320 704 320 704 338 704 c 0,40,41
 364 704 364 704 408.5 679 c 128,-1,42
 453 654 453 654 475 628 c 0,43,44
 538 549 538 549 538 408 c 2,45,-1
 538 402 l 2,46,47
 537 338 537 338 533 314.5 c 128,-1,48
 529 291 529 291 509 240 c 2,49,-1
 491 194 l 1,50,51
 500 185 500 185 516.5 167.5 c 128,-1,52
 533 150 533 150 541 142 c 1,53,54
 509 110 509 110 493 95 c 1,55,56
 476 111 476 111 442 145 c 1,57,-1
 408 124 l 2,58,59
 386 110 386 110 366.5 106.5 c 128,-1,60
 347 103 347 103 296 103 c 0,61,62
 242 103 242 103 223.5 106.5 c 128,-1,63
 205 110 205 110 181 126 c 0,64,65
 107 174 107 174 71 265 c 0,66,67
 51 319 51 319 51 408 c 0,68,69
 51 488 51 488 67 532 c 0,70,71
 91 600 91 600 140 647 c 128,-1,72
 189 694 189 694 241 701 c 0,73,74
 274 706 274 706 274 713 c 0,34,35
EndSplineSet
EndChar

StartChar: R
Encoding: 82 82 36
Width: 517
GlyphClass: 1
Flags: W
LayerCount: 2
Fore
SplineSet
249.5 625 m 0,0,1
 166.5 625 166.5 625 153.5 630 c 1,2,-1
 151.5 630 l 1,3,-1
 149.5 631 l 2,4,5
 142.5 631 142.5 631 141 613 c 128,-1,6
 139.5 595 139.5 595 139.5 532 c 2,7,-1
 139.5 427 l 1,8,-1
 240.5 432 l 2,9,10
 310.5 435 310.5 435 329 439 c 128,-1,11
 347.5 443 347.5 443 364.5 460 c 0,12,13
 379.5 475 379.5 475 384 488 c 128,-1,14
 388.5 501 388.5 501 388.5 528 c 2,15,-1
 388.5 538 l 2,16,17
 388.5 561 388.5 561 383.5 572 c 128,-1,18
 378.5 583 378.5 583 360.5 599 c 0,19,20
 340.5 618 340.5 618 324.5 621.5 c 128,-1,21
 308.5 625 308.5 625 249.5 625 c 0,0,1
51.5 417 m 2,22,-1
 51.5 704 l 1,23,-1
 185.5 704 l 2,24,25
 316.5 704 316.5 704 352.5 694 c 0,26,27
 385.5 686 385.5 686 415.5 658.5 c 128,-1,28
 445.5 631 445.5 631 455.5 601 c 0,29,30
 465.5 568 465.5 568 465.5 528 c 128,-1,31
 465.5 488 465.5 488 455.5 455 c 0,32,33
 445.5 426 445.5 426 416.5 399 c 128,-1,34
 387.5 372 387.5 372 359.5 366 c 0,35,36
 332.5 359 332.5 359 332.5 354 c 0,37,38
 332.5 350 332.5 350 391.5 238 c 0,39,40
 447.5 131 447.5 131 447.5 119 c 128,-1,41
 447.5 107 447.5 107 406.5 107 c 2,42,-1
 369.5 107 l 1,43,-1
 319.5 202 l 2,44,45
 261.5 314 261.5 314 246.5 333.5 c 128,-1,46
 231.5 353 231.5 353 200.5 353 c 2,47,-1
 187.5 353 l 1,48,-1
 140.5 353 l 1,49,50
 139.5 312 139.5 312 137.5 232 c 128,-1,51
 135.5 152 135.5 152 134.5 111 c 1,52,-1
 100.5 109 l 2,53,54
 98.5 109 98.5 109 95 108.5 c 128,-1,55
 91.5 108 91.5 108 90.5 108 c 0,56,57
 64.5 108 64.5 108 59.5 118 c 0,58,59
 51.5 130 51.5 130 51.5 417 c 2,22,-1
EndSplineSet
EndChar

StartChar: S
Encoding: 83 83 37
Width: 562
GlyphClass: 1
Flags: W
LayerCount: 2
Fore
SplineSet
197.5 698 m 0,0,1
 233.5 711 233.5 711 285.5 711 c 0,2,3
 340.5 711 340.5 711 375.5 696 c 0,4,5
 407.5 682 407.5 682 441.5 643.5 c 128,-1,6
 475.5 605 475.5 605 483.5 573 c 0,7,8
 484.5 568 484.5 568 486.5 560 c 128,-1,9
 488.5 552 488.5 552 489.5 547.5 c 128,-1,10
 490.5 543 490.5 543 490.5 541 c 2,11,-1
 489.5 539 l 2,12,13
 485.5 536 485.5 536 449.5 531 c 0,14,15
 431.5 529 431.5 529 428.5 529 c 0,16,17
 418.5 529 418.5 529 414 534 c 128,-1,18
 409.5 539 409.5 539 402.5 556 c 0,19,20
 391.5 582 391.5 582 362.5 606 c 128,-1,21
 333.5 630 333.5 630 305.5 637 c 0,22,23
 293.5 639 293.5 639 286.5 639 c 0,24,25
 244.5 639 244.5 639 202 611 c 128,-1,26
 159.5 583 159.5 583 159.5 553 c 0,27,28
 159.5 518 159.5 518 190 497.5 c 128,-1,29
 220.5 477 220.5 477 329.5 440 c 0,30,31
 412.5 411 412.5 411 448.5 386 c 128,-1,32
 484.5 361 484.5 361 497.5 322 c 0,33,34
 509.5 289 509.5 289 509.5 260 c 0,35,36
 509.5 226 509.5 226 490.5 186 c 0,37,38
 440.5 90 440.5 90 299.5 90 c 0,39,40
 295.5 90 295.5 90 287 90.5 c 128,-1,41
 278.5 91 278.5 91 273.5 91 c 0,42,43
 166.5 97 166.5 97 110.5 161 c 0,44,45
 91.5 182 91.5 182 82 202 c 128,-1,46
 72.5 222 72.5 222 56.5 271 c 0,47,48
 52.5 282 52.5 282 52.5 291 c 0,49,50
 52.5 302 52.5 302 63 305.5 c 128,-1,51
 73.5 309 73.5 309 102.5 309 c 0,52,53
 121.5 309 121.5 309 127.5 303.5 c 128,-1,54
 133.5 298 133.5 298 140.5 272 c 0,55,56
 166.5 168 166.5 168 295.5 168 c 0,57,58
 357.5 168 357.5 168 391 189 c 128,-1,59
 424.5 210 424.5 210 424.5 248 c 0,60,61
 424.5 262 424.5 262 422.5 269 c 0,62,63
 414.5 304 414.5 304 386.5 324.5 c 128,-1,64
 358.5 345 358.5 345 287.5 370 c 0,65,66
 186.5 405 186.5 405 143.5 436 c 128,-1,67
 100.5 467 100.5 467 88.5 514 c 0,68,69
 84.5 530 84.5 530 84.5 549 c 0,70,71
 84.5 598 84.5 598 115 638.5 c 128,-1,72
 145.5 679 145.5 679 197.5 698 c 0,0,1
EndSplineSet
EndChar

StartChar: T
Encoding: 84 84 38
Width: 565
GlyphClass: 1
Flags: W
LayerCount: 2
Fore
SplineSet
57.5 658 m 1,0,-1
 54.5 695 l 1,1,-1
 280.5 693 l 1,2,-1
 507.5 690 l 1,3,-1
 509.5 661 l 2,4,5
 509.5 660 509.5 660 510 657 c 128,-1,6
 510.5 654 510.5 654 510.5 652 c 0,7,8
 510.5 630 510.5 630 500.5 623 c 0,9,10
 490.5 617 490.5 617 424.5 617 c 2,11,-1
 406.5 617 l 1,12,-1
 322.5 618 l 1,13,-1
 321.5 361 l 1,14,-1
 319.5 103 l 1,15,-1
 250.5 97 l 1,16,-1
 245.5 157 l 2,17,18
 239.5 205 239.5 205 239.5 416 c 2,19,-1
 239.5 615 l 1,20,-1
 150.5 618 l 1,21,-1
 59.5 620 l 1,22,-1
 57.5 658 l 1,0,-1
EndSplineSet
EndChar

StartChar: U
Encoding: 85 85 39
Width: 533
GlyphClass: 1
Flags: W
LayerCount: 2
Fore
SplineSet
53 708 m 0,0,1
 58 721 58 721 105 721 c 0,2,3
 128 721 128 721 128 715 c 0,4,5
 128 670 128 670 131 489 c 0,6,7
 132 408 132 408 133.5 366.5 c 128,-1,8
 135 325 135 325 137.5 290.5 c 128,-1,9
 140 256 140 256 147.5 241 c 128,-1,10
 155 226 155 226 164.5 216.5 c 128,-1,11
 174 207 174 207 192 197 c 0,12,13
 220 183 220 183 273 183 c 0,14,15
 328 183 328 183 352 198 c 0,16,17
 378 215 378 215 388 238.5 c 128,-1,18
 398 262 398 262 401.5 312.5 c 128,-1,19
 405 363 405 363 407 496 c 2,20,-1
 410 722 l 1,21,-1
 447 719 l 1,22,-1
 483 717 l 1,23,-1
 483 234 l 1,24,-1
 460 193 l 2,25,26
 433 147 433 147 388 127 c 128,-1,27
 343 107 343 107 269 107 c 0,28,29
 186 108 186 108 141 132.5 c 128,-1,30
 96 157 96 157 69 217 c 0,31,32
 60 240 60 240 56.5 287.5 c 128,-1,33
 53 335 53 335 51 474 c 0,34,35
 50 517 50 517 50 594 c 0,36,37
 50 700 50 700 53 708 c 0,0,1
EndSplineSet
EndChar

StartChar: V
Encoding: 86 86 40
Width: 625
GlyphClass: 1
Flags: W
LayerCount: 2
Fore
SplineSet
94.5 596 m 2,0,-1
 55.5 704 l 1,1,-1
 144.5 704 l 1,2,-1
 218.5 490 l 2,3,4
 283.5 297 283.5 297 296.5 265 c 0,5,6
 304.5 242 304.5 242 306.5 228 c 0,7,8
 306.5 222 306.5 222 309.5 222 c 0,9,10
 318.5 222 318.5 222 404.5 468 c 2,11,-1
 487.5 704 l 1,12,-1
 569.5 704 l 1,13,-1
 530.5 596 l 2,14,15
 507.5 532 507.5 532 423.5 296 c 2,16,-1
 355.5 103 l 1,17,-1
 319.5 100 l 2,18,19
 317.5 100 317.5 100 314 99.5 c 128,-1,20
 310.5 99 310.5 99 308.5 99 c 0,21,22
 281.5 99 281.5 99 274.5 109 c 0,23,24
 266.5 118 266.5 118 199.5 304 c 0,25,26
 119.5 524 119.5 524 94.5 596 c 2,0,-1
EndSplineSet
EndChar

StartChar: W
Encoding: 87 87 41
Width: 802
GlyphClass: 1
Flags: W
LayerCount: 2
Fore
SplineSet
54.5 693 m 0,0,1
 54.5 703 54.5 703 80.5 703 c 0,2,3
 82.5 703 82.5 703 87.5 702.5 c 128,-1,4
 92.5 702 92.5 702 95.5 702 c 2,5,-1
 137.5 699 l 1,6,-1
 148.5 642 l 2,7,8
 154.5 611 154.5 611 164 548.5 c 128,-1,9
 173.5 486 173.5 486 186.5 427 c 0,10,11
 210.5 308 210.5 308 211.5 257 c 0,12,13
 214.5 240 214.5 240 217.5 240 c 0,14,15
 221.5 244 221.5 244 290.5 472 c 2,16,-1
 359.5 699 l 1,17,-1
 397.5 702 l 1,18,-1
 436.5 704 l 1,19,20
 505.5 470 505.5 470 577.5 239 c 1,21,-1
 600.5 372 l 2,22,23
 603.5 388 603.5 388 643.5 605 c 2,24,-1
 661.5 704 l 1,25,-1
 704.5 704 l 2,26,27
 731.5 704 731.5 704 739.5 701 c 128,-1,28
 747.5 698 747.5 698 747.5 687 c 0,29,30
 747.5 671 747.5 671 739.5 665 c 0,31,32
 731.5 657 731.5 657 724.5 613 c 0,33,34
 713.5 530 713.5 530 699.5 460 c 0,35,36
 695.5 444 695.5 444 690.5 414 c 128,-1,37
 685.5 384 685.5 384 682.5 368 c 0,38,39
 675.5 336 675.5 336 665.5 269 c 0,40,41
 661.5 231 661.5 231 649.5 178 c 128,-1,42
 637.5 125 637.5 125 631.5 114 c 0,43,44
 623.5 98 623.5 98 580.5 98 c 0,45,46
 548.5 98 548.5 98 539.5 110 c 128,-1,47
 530.5 122 530.5 122 472.5 318 c 0,48,49
 419.5 499 419.5 499 403.5 537 c 0,50,51
 401.5 540 401.5 540 400.5 540 c 0,52,53
 391.5 540 391.5 540 364.5 458 c 128,-1,54
 337.5 376 337.5 376 268.5 144 c 2,55,-1
 255.5 98 l 1,56,-1
 212.5 98 l 2,57,58
 171.5 98 171.5 98 165.5 106 c 0,59,60
 161.5 112 161.5 112 108 395.5 c 128,-1,61
 54.5 679 54.5 679 54.5 693 c 0,0,1
EndSplineSet
EndChar

StartChar: X
Encoding: 88 88 42
Width: 547
GlyphClass: 1
Flags: W
LayerCount: 2
Fore
SplineSet
54 699 m 0,0,1
 54 703 54 703 80 703 c 0,2,3
 92 703 92 703 99 702 c 2,4,-1
 143 699 l 1,5,-1
 206 592 l 2,6,7
 269 484 269 484 274 484 c 0,8,9
 282 484 282 484 343 594 c 2,10,-1
 406 704 l 1,11,-1
 450 704 l 1,12,-1
 464 704 l 2,13,14
 488 704 488 704 488 695 c 128,-1,15
 488 686 488 686 428 586 c 0,16,17
 370 492 370 492 370 488 c 0,18,19
 370 483 370 483 348 454 c 128,-1,20
 326 425 326 425 326 417 c 0,21,22
 326 405 326 405 409 268 c 0,23,24
 493 127 493 127 493 123 c 0,25,26
 493 116 493 116 451 116 c 2,27,-1
 409 116 l 1,28,-1
 343 230 l 2,29,30
 277 344 277 344 273 344 c 0,31,32
 268 344 268 344 203 230 c 2,33,-1
 138 116 l 1,34,-1
 96 116 l 2,35,36
 54 116 54 116 54 125 c 128,-1,37
 54 134 54 134 137 269 c 0,38,39
 221 406 221 406 221 413 c 128,-1,40
 221 420 221 420 137 557 c 0,41,42
 54 692 54 692 54 699 c 0,0,1
EndSplineSet
EndChar

StartChar: Y
Encoding: 89 89 43
Width: 578
GlyphClass: 1
Flags: W
LayerCount: 2
Fore
SplineSet
82.5 694 m 0,0,1
 93.5 694 93.5 694 99.5 693 c 2,2,-1
 138.5 690 l 1,3,-1
 210.5 566 l 2,4,5
 279.5 443 279.5 443 288.5 443 c 0,6,7
 297.5 445 297.5 445 367.5 568 c 2,8,-1
 438.5 690 l 1,9,-1
 481.5 693 l 2,10,11
 484.5 693 484.5 693 489 693.5 c 128,-1,12
 493.5 694 493.5 694 495.5 694 c 0,13,14
 522.5 694 522.5 694 522.5 687 c 0,15,16
 522.5 679 522.5 679 420.5 510 c 2,17,-1
 319.5 341 l 1,18,-1
 321.5 234 l 1,19,-1
 321.5 194 l 2,20,21
 321.5 123 321.5 123 317.5 119 c 0,22,23
 314.5 113 314.5 113 294.5 113 c 0,24,25
 285.5 113 285.5 113 281.5 114 c 2,26,-1
 250.5 118 l 1,27,-1
 250.5 353 l 1,28,-1
 150.5 518 l 2,29,30
 55.5 676 55.5 676 55.5 689 c 0,31,32
 55.5 694 55.5 694 82.5 694 c 0,0,1
EndSplineSet
EndChar

StartChar: Z
Encoding: 90 90 44
Width: 527
GlyphClass: 1
Flags: W
LayerCount: 2
Fore
SplineSet
70 633 m 1,0,-1
 70 712 l 1,1,-1
 474 712 l 1,2,-1
 474 671 l 2,3,4
 474 670 474 670 474 669 c 0,5,6
 474 636 474 636 446.5 593.5 c 128,-1,7
 419 551 419 551 261 339 c 2,8,-1
 156 199 l 1,9,-1
 315 196 l 1,10,-1
 474 195 l 1,11,-1
 474 116 l 1,12,13
 405 116 405 116 266 117.5 c 128,-1,14
 127 119 127 119 57 120 c 1,15,-1
 54 151 l 2,16,17
 54 152 54 152 53.5 155 c 128,-1,18
 53 158 53 158 53 159 c 0,19,20
 53 176 53 176 66 197 c 128,-1,21
 79 218 79 218 121 274 c 0,22,23
 377 618 377 618 377 628 c 0,24,25
 377 633 377 633 224 633 c 2,26,-1
 70 633 l 1,0,-1
EndSplineSet
EndChar

StartChar: a
Encoding: 97 97 45
Width: 467
GlyphClass: 1
Flags: W
LayerCount: 2
Fore
SplineSet
340.5 261 m 2,0,-1
 340.5 300 l 1,1,-1
 130.5 300 l 1,2,-1
 130.5 168 l 1,3,-1
 278.5 168 l 1,4,-1
 281.5 193 l 2,5,6
 283.5 208 283.5 208 289 213 c 128,-1,7
 294.5 218 294.5 218 312.5 219 c 0,8,9
 332.5 221 332.5 221 336.5 227 c 128,-1,10
 340.5 233 340.5 233 340.5 261 c 2,0,-1
139.5 524 m 2,11,-1
 139.5 554 l 1,12,-1
 358.5 554 l 1,13,-1
 358.5 525 l 2,14,15
 358.5 504 358.5 504 363 498.5 c 128,-1,16
 367.5 493 367.5 493 387.5 491 c 2,17,-1
 415.5 489 l 1,18,-1
 415.5 111 l 1,19,-1
 378.5 109 l 2,20,21
 370.5 108 370.5 108 359.5 108 c 0,22,23
 347.5 108 347.5 108 344 112 c 128,-1,24
 340.5 116 340.5 116 340.5 128 c 0,25,26
 340.5 142 340.5 142 336 146.5 c 128,-1,27
 331.5 151 331.5 151 318.5 151 c 0,28,29
 298.5 151 298.5 151 298.5 141 c 0,30,31
 298.5 136 298.5 136 299.5 133 c 0,32,33
 305.5 116 305.5 116 293.5 108 c 0,34,35
 280.5 97 280.5 97 177.5 97 c 0,36,37
 130.5 97 130.5 97 122.5 102 c 0,38,39
 112.5 110 112.5 110 112.5 130 c 0,40,41
 112.5 144 112.5 144 107 147.5 c 128,-1,42
 101.5 151 101.5 151 82.5 151 c 2,43,-1
 51.5 151 l 1,44,-1
 51.5 318 l 1,45,-1
 82.5 318 l 2,46,47
 103.5 318 103.5 318 108 321.5 c 128,-1,48
 112.5 325 112.5 325 112.5 344 c 2,49,-1
 112.5 370 l 1,50,-1
 340.5 370 l 1,51,-1
 340.5 467 l 1,52,-1
 157.5 467 l 1,53,-1
 155.5 443 l 2,54,55
 153.5 426 153.5 426 147.5 422 c 128,-1,56
 141.5 418 141.5 418 121.5 418 c 128,-1,57
 101.5 418 101.5 418 95.5 423 c 128,-1,58
 89.5 428 89.5 428 85.5 449 c 0,59,60
 81.5 471 81.5 471 81.5 474 c 0,61,62
 81.5 486 81.5 486 88.5 489.5 c 128,-1,63
 95.5 493 95.5 493 113.5 493 c 128,-1,64
 131.5 493 131.5 493 135.5 498 c 128,-1,65
 139.5 503 139.5 503 139.5 524 c 2,11,-1
EndSplineSet
EndChar

StartChar: b
Encoding: 98 98 46
Width: 452
GlyphClass: 1
Flags: W
LayerCount: 2
Fore
SplineSet
276 467 m 0,0,1
 248 484 248 484 227 484 c 0,2,3
 202 484 202 484 173 464 c 0,4,5
 121 429 121 429 114 346 c 0,6,7
 113 339 113 339 113 326 c 0,8,9
 113 264 113 264 144 225 c 128,-1,10
 175 186 175 186 226 186 c 0,11,12
 271 186 271 186 305 234 c 128,-1,13
 339 282 339 282 339 343 c 0,14,15
 339 352 339 352 337 368 c 0,16,17
 329 435 329 435 276 467 c 0,0,1
51 133 m 1,18,-1
 51 677 l 1,19,-1
 112 677 l 1,20,-1
 112 589 l 2,21,22
 112 502 112 502 116 502 c 0,23,24
 117 502 117 502 161 525 c 0,25,26
 197 545 197 545 221 545 c 0,27,28
 227 545 227 545 243 543 c 0,29,30
 324 533 324 533 365 476 c 0,31,32
 401 427 401 427 401 344 c 0,33,34
 401 289 401 289 384 241 c 128,-1,35
 367 193 367 193 336 171 c 0,36,37
 332 168 332 168 316.5 156.5 c 128,-1,38
 301 145 301 145 295 140 c 0,39,40
 276 124 276 124 233 124 c 0,41,42
 187 124 187 124 152 142 c 0,43,44
 120 158 120 158 116 158 c 128,-1,45
 112 158 112 158 112 146 c 0,46,47
 112 133 112 133 82 133 c 2,48,-1
 51 133 l 1,18,-1
EndSplineSet
EndChar

StartChar: c
Encoding: 99 99 47
Width: 453
GlyphClass: 1
Flags: W
LayerCount: 2
Fore
SplineSet
158 525 m 0,0,1
 206 546 206 546 235 546 c 0,2,3
 288 546 288 546 337 511.5 c 128,-1,4
 386 477 386 477 396 432 c 0,5,6
 400 412 400 412 400 410 c 0,7,8
 400 402 400 402 394.5 399.5 c 128,-1,9
 389 397 389 397 369 393 c 0,10,11
 355 391 355 391 353 391 c 0,12,13
 345 391 345 391 341.5 396 c 128,-1,14
 338 401 338 401 332 418 c 0,15,16
 321 447 321 447 294.5 465 c 128,-1,17
 268 483 268 483 236 483 c 0,18,19
 227 483 227 483 223 482 c 0,20,21
 176 475 176 475 147.5 436 c 128,-1,22
 119 397 119 397 119 339 c 0,23,24
 119 274 119 274 150.5 235 c 128,-1,25
 182 196 182 196 233 196 c 0,26,27
 243 196 243 196 248 197 c 0,28,29
 281 200 281 200 297.5 212 c 128,-1,30
 314 224 314 224 331 259 c 0,31,32
 340 277 340 277 345.5 283 c 128,-1,33
 351 289 351 289 359 289 c 0,34,35
 362 289 362 289 372 287 c 0,36,37
 398 280 398 280 399 275 c 0,38,39
 400 273 400 273 400 270 c 0,40,41
 400 264 400 264 397 250 c 0,42,43
 385 198 385 198 341.5 165.5 c 128,-1,44
 298 133 298 133 240 133 c 0,45,46
 147 133 147 133 98 206 c 0,47,48
 72 242 72 242 62.5 268.5 c 128,-1,49
 53 295 53 295 53 329 c 0,50,51
 53 345 53 345 54 353 c 0,52,53
 61 479 61 479 158 525 c 0,0,1
EndSplineSet
EndChar

StartChar: d
Encoding: 100 100 48
Width: 457
GlyphClass: 1
Flags: W
LayerCount: 2
Fore
SplineSet
285 468 m 0,0,1
 258 486 258 486 229 486 c 0,2,3
 190 486 190 486 159.5 456 c 128,-1,4
 129 426 129 426 120 376 c 0,5,6
 117 356 117 356 117 339 c 0,7,8
 117 278 117 278 150.5 236.5 c 128,-1,9
 184 195 184 195 230 195 c 0,10,11
 258 195 258 195 284 211 c 0,12,13
 314 230 314 230 324 256 c 128,-1,14
 334 282 334 282 334 342 c 0,15,16
 333 399 333 399 323.5 424 c 128,-1,17
 314 449 314 449 285 468 c 0,0,1
334 511 m 1,18,-1
 334 677 l 1,19,-1
 405 677 l 1,20,-1
 405 142 l 1,21,-1
 374 142 l 2,22,23
 343 142 343 142 343 156 c 0,24,25
 343 162 343 162 341.5 165 c 128,-1,26
 340 168 340 168 337 167 c 0,27,28
 272 134 272 134 220 134 c 0,29,30
 125 134 125 134 75 235 c 0,31,32
 52 283 52 283 52 340 c 0,33,34
 52 440 52 440 108 499 c 0,35,36
 128 520 128 520 162.5 532 c 128,-1,37
 197 544 197 544 234 544 c 0,38,39
 281 544 281 544 313 524 c 2,40,-1
 334 511 l 1,18,-1
EndSplineSet
EndChar

StartChar: e
Encoding: 101 101 49
Width: 488
GlyphClass: 1
Flags: W
LayerCount: 2
Fore
SplineSet
171 470 m 0,0,1
 164 435 164 435 164 434 c 0,2,3
 162 423 162 423 141 423 c 0,4,5
 127 423 127 423 123 418.5 c 128,-1,6
 119 414 119 414 119 401 c 2,7,-1
 119 379 l 1,8,-1
 364 379 l 1,9,-1
 364 401 l 2,10,11
 364 414 364 414 359.5 418.5 c 128,-1,12
 355 423 355 423 342 423 c 0,13,14
 319 423 319 423 319 443 c 0,15,16
 319 445 319 445 319.5 449.5 c 128,-1,17
 320 454 320 454 320 457 c 0,18,19
 320 467 320 467 260 467 c 0,20,21
 198 467 198 467 185 472 c 0,22,23
 171 477 171 477 171 470 c 0,0,1
154 516 m 2,24,-1
 154 538 l 1,25,-1
 244 535 l 2,26,27
 304 533 304 533 318 530.5 c 128,-1,28
 332 528 332 528 332 518 c 2,29,-1
 332 508 l 2,30,31
 332 495 332 495 354 491 c 0,32,33
 367 490 367 490 373 484 c 128,-1,34
 379 478 379 478 380 465 c 0,35,36
 382 451 382 451 387 445.5 c 128,-1,37
 392 440 392 440 405 440 c 0,38,39
 420 440 420 440 423 433 c 128,-1,40
 426 426 426 426 426 393 c 0,41,42
 426 377 426 377 428.5 354.5 c 128,-1,43
 431 332 431 332 431 329 c 0,44,45
 431 322 431 322 404.5 320 c 128,-1,46
 378 318 378 318 279 316 c 2,47,-1
 123 313 l 1,48,-1
 123 274 l 2,49,50
 123 248 123 248 127 240.5 c 128,-1,51
 131 233 131 233 145 230 c 0,52,53
 167 224 167 224 167 204 c 0,54,55
 167 188 167 188 177 185 c 128,-1,56
 187 182 187 182 242 182 c 2,57,-1
 258 182 l 2,58,59
 301 182 301 182 309 185 c 128,-1,60
 317 188 317 188 319 205 c 0,61,62
 321 219 321 219 326.5 224.5 c 128,-1,63
 332 230 332 230 345 232 c 0,64,65
 359 234 359 234 364 238.5 c 128,-1,66
 369 243 369 243 369 256 c 0,67,68
 369 270 369 270 374.5 274.5 c 128,-1,69
 380 279 380 279 402 281 c 2,70,-1
 435 283 l 1,71,-1
 433 250 l 2,72,73
 431 228 431 228 426.5 222 c 128,-1,74
 422 216 422 216 407 214 c 0,75,76
 393 212 393 212 387.5 206.5 c 128,-1,77
 382 201 382 201 380 188 c 0,78,79
 376 163 376 163 364 163 c 0,80,81
 361 163 361 163 352.5 162.5 c 128,-1,82
 344 162 344 162 341 161 c 0,83,84
 336 161 336 161 333.5 154.5 c 128,-1,85
 331 148 331 148 332 140 c 2,86,-1
 332 134 l 2,87,88
 332 124 332 124 320 122 c 128,-1,89
 308 120 308 120 244 118 c 2,90,-1
 155 115 l 1,91,-1
 152 139 l 2,92,93
 149 163 149 163 136 165 c 0,94,95
 112 167 112 167 106.5 170.5 c 128,-1,96
 101 174 101 174 101 189 c 0,97,98
 101 202 101 202 96.5 207 c 128,-1,99
 92 212 92 212 78 214 c 2,100,-1
 53 217 l 1,101,-1
 53 436 l 1,102,-1
 75 436 l 2,103,104
 88 436 88 436 93 441 c 128,-1,105
 98 446 98 446 101 462 c 128,-1,106
 104 478 104 478 110 484 c 128,-1,107
 116 490 116 490 130 491 c 0,108,109
 144 493 144 493 149 498.5 c 128,-1,110
 154 504 154 504 154 516 c 2,24,-1
EndSplineSet
EndChar

StartChar: f
Encoding: 102 102 50
Width: 335
GlyphClass: 1
Flags: W
LayerCount: 2
Fore
SplineSet
139.5 617 m 0,0,1
 156.5 633 156.5 633 169.5 637.5 c 128,-1,2
 182.5 642 182.5 642 214.5 642 c 2,3,-1
 263.5 642 l 1,4,-1
 263.5 611 l 2,5,6
 263.5 590 263.5 590 259.5 585.5 c 128,-1,7
 255.5 581 255.5 581 237.5 581 c 0,8,9
 207.5 581 207.5 581 196 573 c 128,-1,10
 184.5 565 184.5 565 184.5 545 c 0,11,12
 184.5 527 184.5 527 190.5 523.5 c 128,-1,13
 196.5 520 196.5 520 230.5 518 c 128,-1,14
 264.5 516 264.5 516 271 511.5 c 128,-1,15
 277.5 507 277.5 507 279.5 487 c 2,16,-1
 281.5 458 l 1,17,-1
 184.5 458 l 1,18,-1
 184.5 125 l 1,19,-1
 114.5 125 l 1,20,-1
 114.5 458 l 1,21,-1
 82.5 458 l 2,22,23
 64.5 458 64.5 458 59 460.5 c 128,-1,24
 53.5 463 53.5 463 53.5 472 c 128,-1,25
 53.5 481 53.5 481 54.5 487 c 0,26,27
 56.5 506 56.5 506 62 511 c 128,-1,28
 67.5 516 67.5 516 86.5 518 c 0,29,30
 106.5 520 106.5 520 110.5 525.5 c 128,-1,31
 114.5 531 114.5 531 114.5 555 c 0,32,33
 114.5 591 114.5 591 139.5 617 c 0,0,1
EndSplineSet
EndChar

StartChar: g
Encoding: 103 103 51
Width: 456
GlyphClass: 1
Flags: W
LayerCount: 2
Fore
SplineSet
300 441 m 0,0,1
 279 462 279 462 266 468.5 c 128,-1,2
 253 475 253 475 233 475 c 0,3,4
 180 474 180 474 148.5 435.5 c 128,-1,5
 117 397 117 397 117 334 c 0,6,7
 117 315 117 315 120 294 c 0,8,9
 127 248 127 248 159.5 217.5 c 128,-1,10
 192 187 192 187 233 187 c 0,11,12
 259 187 259 187 281 200 c 0,13,14
 310 217 310 217 322 248.5 c 128,-1,15
 334 280 334 280 334 339 c 0,16,17
 334 390 334 390 329.5 403 c 128,-1,18
 325 416 325 416 300 441 c 0,0,1
154 520 m 0,19,20
 191 536 191 536 226 536 c 0,21,22
 260 536 260 536 297 520 c 0,23,24
 323 508 323 508 329 508 c 128,-1,25
 335 508 335 508 338 516 c 0,26,27
 343 527 343 527 361 527 c 0,28,29
 362 527 362 527 365.5 526.5 c 128,-1,30
 369 526 369 526 371 526 c 2,31,-1
 400 524 l 1,32,-1
 403 304 l 2,33,34
 403 279 403 279 403.5 242 c 128,-1,35
 404 205 404 205 404 193 c 0,36,37
 404 116 404 116 400.5 93 c 128,-1,38
 397 70 397 70 384 46 c 0,39,40
 364 6 364 6 338.5 -11 c 128,-1,41
 313 -28 313 -28 270 -32 c 0,42,43
 260 -33 260 -33 241 -33 c 0,44,45
 134 -33 134 -33 93 46 c 0,46,47
 85 62 85 62 85 67 c 0,48,49
 85 74 85 74 106 85 c 0,50,51
 127 97 127 97 134 97 c 0,52,53
 135 97 135 97 136.5 96.5 c 128,-1,54
 138 96 138 96 139.5 95.5 c 128,-1,55
 141 95 141 95 142 93 c 128,-1,56
 143 91 143 91 144.5 90 c 128,-1,57
 146 89 146 89 147.5 86 c 128,-1,58
 149 83 149 83 150.5 81 c 128,-1,59
 152 79 152 79 154.5 75 c 128,-1,60
 157 71 157 71 159 68 c 0,61,62
 188 22 188 22 239 22 c 0,63,64
 277 22 277 22 305.5 49.5 c 128,-1,65
 334 77 334 77 334 121 c 2,66,-1
 334 160 l 1,67,-1
 302 142 l 2,68,69
 268 124 268 124 226 124 c 0,70,71
 148 124 148 124 104 177 c 0,72,73
 52 237 52 237 52 331 c 0,74,75
 52 474 52 474 154 520 c 0,19,20
EndSplineSet
EndChar

StartChar: h
Encoding: 104 104 52
Width: 424
GlyphClass: 1
Flags: W
LayerCount: 2
Fore
SplineSet
50 124 m 1,0,-1
 50 660 l 1,1,-1
 122 660 l 1,2,-1
 118 576 l 1,3,-1
 116 493 l 1,4,5
 117 493 117 493 151 511 c 0,6,7
 185 528 185 528 223 528 c 0,8,9
 297 528 297 528 335 482 c 0,10,11
 357 456 357 456 365.5 418.5 c 128,-1,12
 374 381 374 381 374 305 c 0,13,14
 374 298 374 298 373.5 283 c 128,-1,15
 373 268 373 268 373 259 c 2,16,-1
 370 129 l 1,17,-1
 338 126 l 1,18,-1
 304 124 l 1,19,-1
 304 416 l 1,20,-1
 279 441 l 2,21,22
 253 467 253 467 214 467 c 0,23,24
 186 467 186 467 162.5 453 c 128,-1,25
 139 439 139 439 129 415 c 0,26,27
 118 386 118 386 118 259 c 2,28,-1
 116 129 l 1,29,-1
 83 126 l 1,30,-1
 50 124 l 1,0,-1
EndSplineSet
EndChar

StartChar: i
Encoding: 105 105 53
Width: 176
GlyphClass: 1
Flags: W
LayerCount: 2
Fore
SplineSet
52.5 575 m 0,0,1
 50.5 591 50.5 591 50.5 595 c 0,2,3
 50.5 610 50.5 610 57.5 616.5 c 128,-1,4
 64.5 623 64.5 623 81.5 623 c 2,5,-1
 91.5 623 l 2,6,7
 115.5 621 115.5 621 120.5 615.5 c 128,-1,8
 125.5 610 125.5 610 125.5 585 c 2,9,-1
 125.5 550 l 1,10,-1
 90.5 550 l 2,11,12
 66.5 550 66.5 550 60.5 554 c 128,-1,13
 54.5 558 54.5 558 52.5 575 c 0,0,1
65.5 488 m 0,14,15
 72.5 495 72.5 495 94.5 491 c 2,16,-1
 116.5 489 l 1,17,-1
 119.5 294 l 1,18,-1
 120.5 98 l 1,19,-1
 59.5 98 l 1,20,-1
 59.5 289 l 2,21,22
 59.5 482 59.5 482 65.5 488 c 0,14,15
EndSplineSet
EndChar

StartChar: j
Encoding: 106 106 54
Width: 240
GlyphClass: 1
Flags: W
LayerCount: 2
Fore
SplineSet
115.5 537 m 1,0,-1
 115.5 616 l 1,1,-1
 185.5 616 l 1,2,-1
 185.5 537 l 1,3,-1
 115.5 537 l 1,0,-1
119.5 474 m 0,4,5
 122.5 483 122.5 483 141.5 483 c 0,6,7
 142.5 483 142.5 483 146.5 482.5 c 128,-1,8
 150.5 482 150.5 482 151.5 482 c 2,9,-1
 177.5 480 l 1,10,-1
 177.5 246 l 2,11,12
 177.5 12 177.5 12 172.5 0 c 0,13,14
 166.5 -14 166.5 -14 142 -23.5 c 128,-1,15
 117.5 -33 117.5 -33 87.5 -33 c 0,16,17
 66.5 -33 66.5 -33 60.5 -30.5 c 128,-1,18
 54.5 -28 54.5 -28 54.5 -19 c 0,19,20
 54.5 -11 54.5 -11 55.5 -5 c 0,21,22
 57.5 14 57.5 14 62.5 19.5 c 128,-1,23
 67.5 25 67.5 25 84.5 28 c 2,24,-1
 110.5 32 l 1,25,-1
 113.5 247 l 2,26,27
 115.5 466 115.5 466 119.5 474 c 0,4,5
EndSplineSet
EndChar

StartChar: k
Encoding: 107 107 55
Width: 420
GlyphClass: 1
Flags: W
LayerCount: 2
Fore
SplineSet
52 98 m 1,0,-1
 52 642 l 1,1,-1
 113 642 l 1,2,-1
 113 487 l 1,3,-1
 114 331 l 1,4,-1
 193 417 l 2,5,6
 249 478 249 478 266 490 c 128,-1,7
 283 502 283 502 310 502 c 0,8,9
 354 502 354 502 354 495 c 0,10,11
 354 483 354 483 290 419 c 2,12,-1
 220 348 l 1,13,-1
 247 304 l 2,14,15
 254 293 254 293 321 189 c 0,16,17
 368 116 368 116 368 112 c 0,18,19
 368 107 368 107 331 107 c 2,20,-1
 293 108 l 1,21,22
 253 173 253 173 171 303 c 1,23,-1
 142 268 l 2,24,25
 122 244 122 244 117.5 229.5 c 128,-1,26
 113 215 113 215 113 167 c 2,27,-1
 113 98 l 1,28,-1
 52 98 l 1,0,-1
EndSplineSet
EndChar

StartChar: l
Encoding: 108 108 56
Width: 164
GlyphClass: 1
Flags: W
LayerCount: 2
Fore
SplineSet
50 116 m 1,0,-1
 50 651 l 1,1,-1
 111 651 l 1,2,-1
 113 566 l 2,3,4
 114 542 114 542 114 452 c 0,5,6
 114 347 114 347 113 297 c 2,7,-1
 111 116 l 1,8,-1
 50 116 l 1,0,-1
EndSplineSet
EndChar

StartChar: m
Encoding: 109 109 57
Width: 603
GlyphClass: 1
Flags: W
LayerCount: 2
Fore
SplineSet
147.5 506 m 0,0,1
 176.5 518 176.5 518 206.5 518 c 0,2,3
 242.5 518 242.5 518 274.5 502 c 2,4,-1
 308.5 484 l 1,5,-1
 346.5 502 l 2,6,7
 382.5 519 382.5 519 416.5 519 c 128,-1,8
 450.5 519 450.5 519 487 499.5 c 128,-1,9
 523.5 480 523.5 480 535.5 455 c 0,10,11
 546.5 432 546.5 432 549.5 414.5 c 128,-1,12
 552.5 397 552.5 397 552.5 342 c 0,13,14
 552.5 332 552.5 332 552 303 c 128,-1,15
 551.5 274 551.5 274 551.5 254 c 2,16,-1
 550.5 116 l 1,17,-1
 489.5 116 l 1,18,-1
 489.5 407 l 1,19,-1
 463.5 432 l 2,20,21
 435.5 458 435.5 458 405.5 458 c 0,22,23
 378.5 458 378.5 458 358.5 437 c 0,24,25
 339.5 417 339.5 417 336.5 393 c 128,-1,26
 333.5 369 333.5 369 332.5 250 c 2,27,-1
 331.5 116 l 1,28,-1
 269.5 116 l 1,29,-1
 269.5 256 l 2,30,31
 269.5 399 269.5 399 260.5 417 c 0,32,33
 241.5 457 241.5 457 191.5 457 c 0,34,35
 172.5 457 172.5 457 154.5 448 c 0,36,37
 129.5 434 129.5 434 120.5 393 c 128,-1,38
 111.5 352 111.5 352 111.5 247 c 2,39,-1
 111.5 116 l 1,40,-1
 50.5 116 l 1,41,42
 50.5 181 50.5 181 52.5 311 c 128,-1,43
 54.5 441 54.5 441 54.5 506 c 1,44,-1
 75.5 509 l 2,45,46
 76.5 509 76.5 509 78.5 509.5 c 128,-1,47
 80.5 510 80.5 510 82.5 510 c 0,48,49
 97.5 510 97.5 510 106.5 503 c 0,50,51
 113.5 498 113.5 498 120.5 498 c 0,52,53
 128.5 498 128.5 498 147.5 506 c 0,0,1
EndSplineSet
EndChar

StartChar: n
Encoding: 110 110 58
Width: 422
GlyphClass: 1
Flags: W
LayerCount: 2
Fore
SplineSet
173.5 513 m 0,0,1
 185.5 516 185.5 516 218.5 516 c 2,2,-1
 237.5 516 l 2,3,4
 276.5 514 276.5 514 302 499 c 128,-1,5
 327.5 484 327.5 484 350.5 450 c 0,6,7
 363.5 432 363.5 432 366 405.5 c 128,-1,8
 368.5 379 368.5 379 370.5 268 c 2,9,-1
 371.5 115 l 1,10,-1
 338.5 118 l 1,11,-1
 304.5 120 l 1,12,13
 303.5 169 303.5 169 301 268 c 128,-1,14
 298.5 367 298.5 367 296.5 416 c 1,15,-1
 271.5 437 l 2,16,17
 246.5 459 246.5 459 213.5 459 c 0,18,19
 177.5 459 177.5 459 151.5 434 c 0,20,21
 123.5 408 123.5 408 120.5 392 c 0,22,23
 117.5 377 117.5 377 117.5 245 c 2,24,-1
 116.5 115 l 1,25,-1
 83.5 118 l 1,26,-1
 50.5 120 l 1,27,-1
 50.5 506 l 1,28,-1
 79.5 509 l 2,29,30
 80.5 509 80.5 509 83.5 509.5 c 128,-1,31
 86.5 510 86.5 510 88.5 510 c 0,32,33
 107.5 510 107.5 510 112.5 497 c 0,34,35
 116.5 488 116.5 488 120.5 488 c 128,-1,36
 124.5 488 124.5 488 137.5 496 c 0,37,38
 161.5 509 161.5 509 173.5 513 c 0,0,1
EndSplineSet
EndChar

StartChar: o
Encoding: 111 111 59
Width: 482
GlyphClass: 1
Flags: W
LayerCount: 2
Fore
SplineSet
315.5 449 m 2,0,-1
 315.5 475 l 1,1,-1
 241.5 475 l 1,2,-1
 224.5 475 l 2,3,4
 182.5 475 182.5 475 174.5 472 c 128,-1,5
 166.5 469 166.5 469 166.5 454 c 0,6,7
 166.5 431 166.5 431 156.5 431 c 0,8,9
 153.5 430 153.5 430 144 429 c 128,-1,10
 134.5 428 134.5 428 131.5 428 c 0,11,12
 123.5 427 123.5 427 121 409 c 128,-1,13
 118.5 391 118.5 391 118.5 331 c 2,14,-1
 118.5 234 l 1,15,-1
 140.5 234 l 2,16,17
 153.5 234 153.5 234 158 229.5 c 128,-1,18
 162.5 225 162.5 225 164.5 211 c 0,19,20
 166.5 192 166.5 192 176 189 c 128,-1,21
 185.5 186 185.5 186 237.5 186 c 2,22,-1
 307.5 186 l 1,23,-1
 312.5 211 l 2,24,25
 315.5 225 315.5 225 321.5 232 c 128,-1,26
 327.5 239 327.5 239 340.5 240 c 0,27,28
 357.5 242 357.5 242 360 254 c 128,-1,29
 362.5 266 362.5 266 362.5 335 c 2,30,-1
 362.5 427 l 1,31,-1
 338.5 425 l 2,32,33
 336.5 425 336.5 425 333.5 424.5 c 128,-1,34
 330.5 424 330.5 424 329.5 424 c 0,35,36
 320.5 424 320.5 424 318 429 c 128,-1,37
 315.5 434 315.5 434 315.5 449 c 2,0,-1
122.5 497 m 0,38,39
 132.5 497 132.5 497 138.5 502 c 128,-1,40
 144.5 507 144.5 507 146 511.5 c 128,-1,41
 147.5 516 147.5 516 149.5 527 c 128,-1,42
 151.5 538 151.5 538 152.5 541 c 0,43,44
 153.5 547 153.5 547 201.5 547 c 0,45,46
 226.5 547 226.5 547 241.5 546 c 0,47,48
 304.5 543 304.5 543 316.5 539.5 c 128,-1,49
 328.5 536 328.5 536 328.5 519 c 0,50,51
 328.5 506 328.5 506 333.5 502 c 128,-1,52
 338.5 498 338.5 498 355.5 497 c 0,53,54
 373.5 497 373.5 497 377.5 493 c 128,-1,55
 381.5 489 381.5 489 381.5 471 c 0,56,57
 381.5 455 381.5 455 386 449.5 c 128,-1,58
 390.5 444 390.5 444 406.5 442 c 2,59,-1
 429.5 439 l 1,60,-1
 429.5 222 l 1,61,-1
 406.5 219 l 2,62,63
 380.5 215 380.5 215 380.5 204 c 0,64,65
 380.5 201 380.5 201 379.5 192 c 128,-1,66
 378.5 183 378.5 183 377.5 180 c 0,67,68
 377.5 171 377.5 171 353.5 167 c 0,69,70
 339.5 166 339.5 166 334 159.5 c 128,-1,71
 328.5 153 328.5 153 326.5 139 c 2,72,-1
 323.5 115 l 1,73,-1
 238.5 118 l 2,74,75
 176.5 120 176.5 120 164.5 123 c 128,-1,76
 152.5 126 152.5 126 148.5 142 c 0,77,78
 142.5 162 142.5 162 122.5 168 c 0,79,80
 100.5 174 100.5 174 100.5 195 c 0,81,82
 100.5 208 100.5 208 95.5 212.5 c 128,-1,83
 90.5 217 90.5 217 76.5 219 c 2,84,-1
 52.5 222 l 1,85,-1
 52.5 332 l 2,86,87
 52.5 408 52.5 408 55 424 c 128,-1,88
 57.5 440 57.5 440 69.5 440 c 0,89,90
 98.5 440 98.5 440 100.5 480 c 0,91,92
 100.5 497 100.5 497 122.5 497 c 0,38,39
EndSplineSet
EndChar

StartChar: p
Encoding: 112 112 60
Width: 448
GlyphClass: 1
Flags: W
LayerCount: 2
Fore
SplineSet
276 449 m 0,0,1
 248 466 248 466 223 466 c 0,2,3
 195 466 195 466 163 445 c 0,4,5
 113 411 113 411 113 324 c 2,6,-1
 113 318 l 2,7,8
 114 254 114 254 142.5 216.5 c 128,-1,9
 171 179 171 179 219 179 c 0,10,11
 228 179 228 179 233 180 c 0,12,13
 333 191 333 191 333 318 c 2,14,-1
 333 325 l 2,15,16
 332 374 332 374 318.5 402.5 c 128,-1,17
 305 431 305 431 276 449 c 0,0,1
154 507 m 0,18,19
 191 527 191 527 227 527 c 0,20,21
 255 527 255 527 286 515 c 0,22,23
 397 468 397 468 397 322 c 0,24,25
 397 261 397 261 382 224 c 128,-1,26
 367 187 367 187 328 153 c 0,27,28
 285 116 285 116 224 116 c 0,29,30
 174 116 174 116 139 142 c 2,31,-1
 112 161 l 1,32,-1
 112 -33 l 1,33,-1
 51 -33 l 1,34,-1
 51 511 l 1,35,-1
 82 511 l 2,36,37
 112 511 112 511 112 498 c 0,38,39
 112 493 112 493 117 493 c 0,40,41
 124 493 124 493 154 507 c 0,18,19
EndSplineSet
EndChar

StartChar: q
Encoding: 113 113 61
Width: 437
GlyphClass: 1
Flags: W
LayerCount: 2
Fore
SplineSet
294 402 m 0,0,1
 276 420 276 420 265 425.5 c 128,-1,2
 254 431 254 431 234 431 c 2,3,-1
 227 431 l 2,4,5
 187 430 187 430 166 418 c 128,-1,6
 145 406 145 406 129 376 c 0,7,8
 111 341 111 341 111 297 c 0,9,10
 111 250 111 250 132.5 211.5 c 128,-1,11
 154 173 154 173 190 161 c 0,12,13
 214 152 214 152 224 152 c 0,14,15
 236 152 236 152 263 164 c 0,16,17
 298 181 298 181 311 210 c 128,-1,18
 324 239 324 239 324 305 c 0,19,20
 324 353 324 353 320 366.5 c 128,-1,21
 316 380 316 380 294 402 c 0,0,1
153 476 m 0,22,23
 188 492 188 492 218 492 c 0,24,25
 250 492 250 492 287 475 c 0,26,27
 310 465 310 465 320 465 c 0,28,29
 324 465 324 465 324 467 c 0,30,31
 324 475 324 475 355 475 c 2,32,-1
 385 475 l 1,33,-1
 385 -51 l 1,34,-1
 324 -51 l 1,35,-1
 324 132 l 1,36,-1
 291 115 l 2,37,38
 259 98 259 98 215 98 c 0,39,40
 142 98 142 98 97 151.5 c 128,-1,41
 52 205 52 205 52 293 c 0,42,43
 52 429 52 429 153 476 c 0,22,23
EndSplineSet
EndChar

StartChar: r
Encoding: 114 114 62
Width: 315
GlyphClass: 1
Flags: W
LayerCount: 2
Fore
SplineSet
145 527 m 0,0,1
 171 546 171 546 216 546 c 2,2,-1
 263 546 l 1,3,-1
 257 513 l 2,4,5
 253 494 253 494 251.5 487.5 c 128,-1,6
 250 481 250 481 245.5 477 c 128,-1,7
 241 473 241 473 233 473 c 0,8,9
 229 473 229 473 211 475 c 2,10,-1
 200 475 l 2,11,12
 152 475 152 475 137.5 427.5 c 128,-1,13
 123 380 123 380 122 228 c 2,14,-1
 122 89 l 1,15,-1
 52 89 l 1,16,-1
 52 537 l 1,17,-1
 87 537 l 2,18,19
 122 537 122 537 122 523 c 0,20,21
 122 515 122 515 126 515 c 128,-1,22
 130 515 130 515 145 527 c 0,0,1
EndSplineSet
EndChar

StartChar: s
Encoding: 115 115 63
Width: 471
GlyphClass: 1
Flags: W
LayerCount: 2
Fore
SplineSet
147 544 m 0,0,1
 185 563 185 563 229 563 c 0,2,3
 303 563 303 563 356 512 c 0,4,5
 375 494 375 494 388 471.5 c 128,-1,6
 401 449 401 449 401 435 c 0,7,8
 401 429 401 429 398 426 c 0,9,10
 396 423 396 423 362 417 c 0,11,12
 344 415 344 415 342 415 c 0,13,14
 330 415 330 415 330 425 c 0,15,16
 330 440 330 440 300 466 c 0,17,18
 268 493 268 493 230 493 c 0,19,20
 195 493 195 493 170.5 475 c 128,-1,21
 146 457 146 457 146 435 c 0,22,23
 146 415 146 415 166 402 c 0,24,25
 185 388 185 388 255 366 c 0,26,27
 321 344 321 344 347.5 330 c 128,-1,28
 374 316 374 316 395 291 c 0,29,30
 418 264 418 264 418 223 c 0,31,32
 418 191 418 191 402.5 161.5 c 128,-1,33
 387 132 387 132 359 114 c 0,34,35
 329 95 329 95 261 91 c 0,36,37
 248 90 248 90 227 90 c 0,38,39
 188 90 188 90 146 113 c 0,40,41
 75 149 75 149 55 232 c 0,42,43
 53 244 53 244 53 246 c 0,44,45
 53 256 53 256 69 260 c 0,46,47
 95 266 95 266 106 266 c 128,-1,48
 117 266 117 266 122 260 c 128,-1,49
 127 254 127 254 133 235 c 0,50,51
 149 190 149 190 173 175.5 c 128,-1,52
 197 161 197 161 258 158 c 2,53,-1
 262 158 l 2,54,55
 298 158 298 158 322 175.5 c 128,-1,56
 346 193 346 193 346 218 c 0,57,58
 346 231 346 231 339 244 c 0,59,60
 323 274 323 274 188 318 c 0,61,62
 125 338 125 338 103.5 358.5 c 128,-1,63
 82 379 82 379 79 424 c 0,64,65
 79 427 79 427 78.5 432 c 128,-1,66
 78 437 78 437 78 439 c 0,67,68
 78 477 78 477 94 501.5 c 128,-1,69
 110 526 110 526 147 544 c 0,0,1
EndSplineSet
EndChar

StartChar: t
Encoding: 116 116 64
Width: 352
GlyphClass: 1
Flags: W
LayerCount: 2
Fore
SplineSet
118.5 532 m 1,0,-1
 118.5 633 l 1,1,-1
 192.5 633 l 1,2,-1
 192.5 528 l 1,3,-1
 298.5 528 l 1,4,-1
 298.5 467 l 1,5,-1
 192.5 467 l 1,6,-1
 194.5 316 l 1,7,-1
 197.5 164 l 1,8,-1
 236.5 154 l 2,9,10
 262.5 148 262.5 148 269.5 142.5 c 128,-1,11
 276.5 137 276.5 137 278.5 118 c 2,12,-1
 281.5 89 l 1,13,-1
 223.5 89 l 2,14,15
 185.5 89 185.5 89 171.5 93 c 128,-1,16
 157.5 97 157.5 97 144.5 111 c 0,17,18
 128.5 127 128.5 127 125.5 151 c 128,-1,19
 122.5 175 122.5 175 122.5 299 c 2,20,-1
 122.5 466 l 1,21,-1
 90.5 468 l 2,22,23
 67.5 470 67.5 470 62 475 c 128,-1,24
 56.5 480 56.5 480 54.5 499 c 0,25,26
 53.5 504 53.5 504 53.5 512 c 0,27,28
 53.5 522 53.5 522 59.5 525 c 128,-1,29
 65.5 528 65.5 528 85.5 530 c 2,30,-1
 118.5 532 l 1,0,-1
EndSplineSet
EndChar

StartChar: u
Encoding: 117 117 65
Width: 439
GlyphClass: 1
Flags: W
LayerCount: 2
Fore
SplineSet
340.5 525 m 0,0,1
 355.5 536 355.5 536 359.5 536 c 0,2,3
 365.5 536 365.5 536 374.5 532 c 0,4,5
 383.5 529 383.5 529 386 491.5 c 128,-1,6
 388.5 454 388.5 454 388.5 318 c 0,7,8
 388.5 109 388.5 109 377.5 105 c 0,9,10
 372.5 103 372.5 103 363.5 103 c 0,11,12
 349.5 103 349.5 103 338 110.5 c 128,-1,13
 326.5 118 326.5 118 325.5 128 c 0,14,15
 322.5 146 322.5 146 298.5 149 c 0,16,17
 293.5 150 293.5 150 286.5 150 c 0,18,19
 278.5 150 278.5 150 276.5 145.5 c 128,-1,20
 274.5 141 274.5 141 274.5 125 c 2,21,-1
 274.5 97 l 1,22,-1
 211.5 100 l 2,23,24
 163.5 102 163.5 102 155 105.5 c 128,-1,25
 146.5 109 146.5 109 144.5 127 c 0,26,27
 141.5 149 141.5 149 132.5 149 c 0,28,29
 127.5 149 127.5 149 125.5 148 c 128,-1,30
 123.5 147 123.5 147 118.5 147 c 0,31,32
 108.5 147 108.5 147 101 154 c 128,-1,33
 93.5 161 93.5 161 93.5 171 c 0,34,35
 93.5 174 93.5 174 95.5 180 c 0,36,37
 98.5 187 98.5 187 94 190.5 c 128,-1,38
 89.5 194 89.5 194 75.5 196 c 2,39,-1
 50.5 199 l 1,40,-1
 50.5 523 l 1,41,-1
 76.5 524 l 1,42,-1
 103.5 524 l 1,43,44
 104.5 473 104.5 473 107 371 c 128,-1,45
 109.5 269 109.5 269 111.5 218 c 1,46,-1
 133.5 212 l 2,47,48
 155.5 206 155.5 206 155.5 186 c 0,49,50
 155.5 171 155.5 171 163.5 167 c 128,-1,51
 171.5 163 171.5 163 206.5 161 c 2,52,-1
 256.5 159 l 1,53,-1
 256.5 186 l 2,54,55
 256.5 205 256.5 205 261.5 208.5 c 128,-1,56
 266.5 212 266.5 212 291.5 212 c 2,57,-1
 327.5 212 l 1,58,-1
 326.5 363 l 2,59,60
 326.5 378 326.5 378 326 401.5 c 128,-1,61
 325.5 425 325.5 425 325.5 433 c 0,62,63
 325.5 484 325.5 484 328.5 501 c 128,-1,64
 331.5 518 331.5 518 340.5 525 c 0,0,1
EndSplineSet
EndChar

StartChar: v
Encoding: 118 118 66
Width: 501
GlyphClass: 1
Flags: W
LayerCount: 2
Fore
SplineSet
76.5 439 m 2,0,-1
 53.5 494 l 1,1,-1
 88.5 491 l 2,2,3
 114.5 489 114.5 489 122.5 481 c 128,-1,4
 130.5 473 130.5 473 149.5 432 c 0,5,6
 236.5 235 236.5 235 241.5 206 c 0,7,8
 244.5 191 244.5 191 248.5 191 c 0,9,10
 254.5 191 254.5 191 263.5 212 c 128,-1,11
 272.5 233 272.5 233 279.5 254 c 2,12,-1
 285.5 275 l 2,13,14
 285.5 279 285.5 279 305.5 323 c 0,15,16
 327.5 370 327.5 370 349.5 427 c 0,17,18
 368.5 473 368.5 473 376 481 c 128,-1,19
 383.5 489 383.5 489 410.5 491 c 2,20,-1
 447.5 494 l 1,21,-1
 415.5 421 l 2,22,23
 405.5 398 405.5 398 386.5 353 c 128,-1,24
 367.5 308 367.5 308 364.5 300 c 0,25,26
 289.5 118 289.5 118 278.5 103 c 0,27,28
 270.5 93 270.5 93 254.5 91 c 0,29,30
 253.5 91 253.5 91 250.5 90.5 c 128,-1,31
 247.5 90 247.5 90 245.5 90 c 0,32,33
 230.5 90 230.5 90 219.5 107 c 128,-1,34
 208.5 124 208.5 124 185.5 182 c 0,35,36
 144.5 283 144.5 283 128.5 318 c 0,37,38
 88.5 408 88.5 408 76.5 439 c 2,0,-1
EndSplineSet
EndChar

StartChar: w
Encoding: 119 119 67
Width: 644
GlyphClass: 1
Flags: W
LayerCount: 2
Fore
SplineSet
55 491 m 0,0,1
 53 505 53 505 53 507 c 0,2,3
 53 515 53 515 59 517 c 128,-1,4
 65 519 65 519 84 519 c 2,5,-1
 117 519 l 1,6,-1
 132 456 l 2,7,8
 140 420 140 420 150 369 c 128,-1,9
 160 318 160 318 171 274 c 0,10,11
 182 229 182 229 187 229 c 0,12,13
 189 229 189 229 192 239 c 0,14,15
 223 332 223 332 243 388 c 2,16,-1
 287 515 l 1,17,-1
 321 518 l 2,18,19
 327 519 327 519 336 519 c 0,20,21
 349 519 349 519 354 514.5 c 128,-1,22
 359 510 359 510 366 496 c 0,23,24
 376 475 376 475 380 454 c 0,25,26
 383 438 383 438 422 327 c 2,27,-1
 460 218 l 1,28,-1
 475 283 l 2,29,30
 478 297 478 297 482.5 317.5 c 128,-1,31
 487 338 487 338 490 351.5 c 128,-1,32
 493 365 493 365 494 370 c 0,33,34
 495 372 495 372 501.5 403.5 c 128,-1,35
 508 435 508 435 513 456 c 2,36,-1
 528 519 l 1,37,-1
 561 519 l 2,38,39
 591 519 591 519 591 513 c 0,40,41
 591 511 591 511 589.5 504.5 c 128,-1,42
 588 498 588 498 585.5 488 c 128,-1,43
 583 478 583 478 582 470 c 0,44,45
 571 406 571 406 552 335 c 0,46,47
 527 243 527 243 520 204 c 0,48,49
 511 147 511 147 503 133.5 c 128,-1,50
 495 120 495 120 468 120 c 2,51,-1
 435 120 l 1,52,-1
 391 243 l 2,53,54
 382 268 382 268 369.5 304.5 c 128,-1,55
 357 341 357 341 350.5 358.5 c 128,-1,56
 344 376 344 376 343 379 c 0,57,58
 334 402 334 402 332 418 c 0,59,60
 331 431 331 431 322 431 c 0,61,62
 314 431 314 431 314 418 c 0,63,64
 314 411 314 411 268 281 c 2,65,-1
 222 151 l 2,66,67
 221 148 221 148 220 144 c 128,-1,68
 219 140 219 140 218 137 c 128,-1,69
 217 134 217 134 217 133 c 0,70,71
 216 129 216 129 216 122 c 0,72,73
 216 117 216 117 195 117 c 0,74,75
 185 117 185 117 180 118 c 0,76,77
 151 120 151 120 142 133.5 c 128,-1,78
 133 147 133 147 124 204 c 0,79,80
 114 260 114 260 90 348 c 0,81,82
 63 447 63 447 55 491 c 0,0,1
EndSplineSet
EndChar

StartChar: x
Encoding: 120 120 68
Width: 460
GlyphClass: 1
Flags: W
LayerCount: 2
Fore
SplineSet
70.5 496 m 0,0,1
 66.5 504 66.5 504 66.5 505 c 0,2,3
 66.5 511 66.5 511 100.5 511 c 0,4,5
 124.5 511 124.5 511 134.5 507 c 128,-1,6
 144.5 503 144.5 503 150.5 491 c 0,7,8
 160.5 473 160.5 473 166.5 467 c 0,9,10
 171.5 464 171.5 464 201.5 416 c 2,11,-1
 231.5 369 l 1,12,13
 246.5 393 246.5 393 278 440.5 c 128,-1,14
 309.5 488 309.5 488 325.5 511 c 1,15,-1
 406.5 511 l 1,16,-1
 390.5 487 l 2,17,18
 366.5 450 366.5 450 324.5 389 c 2,19,-1
 273.5 316 l 1,20,-1
 339.5 220 l 2,21,22
 404.5 120 404.5 120 404.5 113 c 0,23,24
 404.5 104 404.5 104 377.5 104 c 2,25,-1
 371.5 104 l 2,26,27
 347.5 105 347.5 105 335.5 115.5 c 128,-1,28
 323.5 126 323.5 126 287.5 178 c 0,29,30
 234.5 254 234.5 254 230.5 254 c 0,31,32
 224.5 254 224.5 254 175.5 179 c 0,33,34
 139.5 122 139.5 122 129 112.5 c 128,-1,35
 118.5 103 118.5 103 90.5 103 c 0,36,37
 53.5 103 53.5 103 53.5 107 c 0,38,39
 53.5 114 53.5 114 121.5 214 c 2,40,-1
 191.5 316 l 1,41,-1
 135.5 397 l 2,42,43
 77.5 481 77.5 481 70.5 496 c 0,0,1
EndSplineSet
EndChar

StartChar: y
Encoding: 121 121 69
Width: 501
GlyphClass: 1
Flags: W
LayerCount: 2
Fore
SplineSet
53.5 497 m 0,0,1
 53.5 502 53.5 502 92.5 502 c 0,2,3
 120.5 502 120.5 502 127.5 496.5 c 128,-1,4
 134.5 491 134.5 491 146.5 461 c 0,5,6
 157.5 433 157.5 433 164.5 411 c 128,-1,7
 171.5 389 171.5 389 180 366 c 128,-1,8
 188.5 343 188.5 343 209.5 295 c 0,9,10
 248.5 203 248.5 203 255.5 203 c 0,11,12
 258.5 203 258.5 203 263.5 215 c 0,13,14
 282.5 264 282.5 264 326.5 370 c 2,15,-1
 379.5 502 l 1,16,-1
 414.5 502 l 2,17,18
 434.5 502 434.5 502 441 500 c 128,-1,19
 447.5 498 447.5 498 447.5 490 c 0,20,21
 447.5 488 447.5 488 445.5 478 c 0,22,23
 440.5 453 440.5 453 365.5 278 c 0,24,25
 293.5 114 293.5 114 252.5 15 c 2,26,-1
 215.5 -73 l 1,27,-1
 178.5 -75 l 2,28,29
 171.5 -76 171.5 -76 160.5 -76 c 0,30,31
 145.5 -76 145.5 -76 145.5 -66 c 0,32,33
 145.5 -52 145.5 -52 179.5 25 c 0,34,35
 211.5 94 211.5 94 211.5 107 c 0,36,37
 211.5 119 211.5 119 157.5 241 c 0,38,39
 53.5 485 53.5 485 53.5 497 c 0,0,1
EndSplineSet
EndChar

StartChar: z
Encoding: 122 122 70
Width: 456
GlyphClass: 1
Flags: W
LayerCount: 2
Fore
SplineSet
61.5 476 m 1,0,-1
 61.5 537 l 1,1,-1
 403.5 537 l 1,2,-1
 403.5 505 l 2,3,4
 403.5 478 403.5 478 382.5 449.5 c 128,-1,5
 361.5 421 361.5 421 241.5 284 c 0,6,7
 140.5 169 140.5 169 140.5 166 c 0,8,9
 150.5 165 150.5 165 167.5 165 c 0,10,11
 185.5 165 185.5 165 271.5 167 c 2,12,-1
 403.5 169 l 1,13,-1
 403.5 98 l 1,14,-1
 52.5 98 l 1,15,-1
 52.5 136 l 2,16,17
 52.5 158 52.5 158 58.5 171.5 c 128,-1,18
 64.5 185 64.5 185 81.5 204 c 0,19,20
 112.5 237 112.5 237 212.5 353 c 2,21,-1
 314.5 471 l 1,22,-1
 188.5 474 l 1,23,-1
 61.5 476 l 1,0,-1
EndSplineSet
EndChar

StartChar: nbsp
Encoding: 160 160 71
Width: 180
GlyphClass: 1
Flags: W
LayerCount: 2
EndChar
EndChars
EndSplineFont
